@relation openSMILE_features

@attribute name string
@attribute audspec_lengthL1norm_sma_range numeric
@attribute audspec_lengthL1norm_sma_maxPos numeric
@attribute audspec_lengthL1norm_sma_minPos numeric
@attribute audspec_lengthL1norm_sma_quartile1 numeric
@attribute audspec_lengthL1norm_sma_quartile2 numeric
@attribute audspec_lengthL1norm_sma_quartile3 numeric
@attribute audspec_lengthL1norm_sma_iqr1-2 numeric
@attribute audspec_lengthL1norm_sma_iqr2-3 numeric
@attribute audspec_lengthL1norm_sma_iqr1-3 numeric
@attribute audspec_lengthL1norm_sma_percentile1.0 numeric
@attribute audspec_lengthL1norm_sma_percentile99.0 numeric
@attribute audspec_lengthL1norm_sma_pctlrange0-1 numeric
@attribute audspec_lengthL1norm_sma_stddev numeric
@attribute audspec_lengthL1norm_sma_skewness numeric
@attribute audspec_lengthL1norm_sma_kurtosis numeric
@attribute audspec_lengthL1norm_sma_meanSegLen numeric
@attribute audspec_lengthL1norm_sma_maxSegLen numeric
@attribute audspec_lengthL1norm_sma_minSegLen numeric
@attribute audspec_lengthL1norm_sma_segLenStddev numeric
@attribute audspec_lengthL1norm_sma_upleveltime25 numeric
@attribute audspec_lengthL1norm_sma_upleveltime50 numeric
@attribute audspec_lengthL1norm_sma_upleveltime75 numeric
@attribute audspec_lengthL1norm_sma_upleveltime90 numeric
@attribute audspec_lengthL1norm_sma_risetime numeric
@attribute audspec_lengthL1norm_sma_leftctime numeric
@attribute audspec_lengthL1norm_sma_lpgain numeric
@attribute audspec_lengthL1norm_sma_lpc0 numeric
@attribute audspec_lengthL1norm_sma_lpc1 numeric
@attribute audspec_lengthL1norm_sma_lpc2 numeric
@attribute audspec_lengthL1norm_sma_lpc3 numeric
@attribute audspec_lengthL1norm_sma_lpc4 numeric
@attribute audspecRasta_lengthL1norm_sma_range numeric
@attribute audspecRasta_lengthL1norm_sma_maxPos numeric
@attribute audspecRasta_lengthL1norm_sma_minPos numeric
@attribute audspecRasta_lengthL1norm_sma_quartile1 numeric
@attribute audspecRasta_lengthL1norm_sma_quartile2 numeric
@attribute audspecRasta_lengthL1norm_sma_quartile3 numeric
@attribute audspecRasta_lengthL1norm_sma_iqr1-2 numeric
@attribute audspecRasta_lengthL1norm_sma_iqr2-3 numeric
@attribute audspecRasta_lengthL1norm_sma_iqr1-3 numeric
@attribute audspecRasta_lengthL1norm_sma_percentile1.0 numeric
@attribute audspecRasta_lengthL1norm_sma_percentile99.0 numeric
@attribute audspecRasta_lengthL1norm_sma_pctlrange0-1 numeric
@attribute audspecRasta_lengthL1norm_sma_stddev numeric
@attribute audspecRasta_lengthL1norm_sma_skewness numeric
@attribute audspecRasta_lengthL1norm_sma_kurtosis numeric
@attribute audspecRasta_lengthL1norm_sma_meanSegLen numeric
@attribute audspecRasta_lengthL1norm_sma_maxSegLen numeric
@attribute audspecRasta_lengthL1norm_sma_minSegLen numeric
@attribute audspecRasta_lengthL1norm_sma_segLenStddev numeric
@attribute audspecRasta_lengthL1norm_sma_upleveltime25 numeric
@attribute audspecRasta_lengthL1norm_sma_upleveltime50 numeric
@attribute audspecRasta_lengthL1norm_sma_upleveltime75 numeric
@attribute audspecRasta_lengthL1norm_sma_upleveltime90 numeric
@attribute audspecRasta_lengthL1norm_sma_risetime numeric
@attribute audspecRasta_lengthL1norm_sma_leftctime numeric
@attribute audspecRasta_lengthL1norm_sma_lpgain numeric
@attribute audspecRasta_lengthL1norm_sma_lpc0 numeric
@attribute audspecRasta_lengthL1norm_sma_lpc1 numeric
@attribute audspecRasta_lengthL1norm_sma_lpc2 numeric
@attribute audspecRasta_lengthL1norm_sma_lpc3 numeric
@attribute audspecRasta_lengthL1norm_sma_lpc4 numeric
@attribute pcm_RMSenergy_sma_range numeric
@attribute pcm_RMSenergy_sma_maxPos numeric
@attribute pcm_RMSenergy_sma_minPos numeric
@attribute pcm_RMSenergy_sma_quartile1 numeric
@attribute pcm_RMSenergy_sma_quartile2 numeric
@attribute pcm_RMSenergy_sma_quartile3 numeric
@attribute pcm_RMSenergy_sma_iqr1-2 numeric
@attribute pcm_RMSenergy_sma_iqr2-3 numeric
@attribute pcm_RMSenergy_sma_iqr1-3 numeric
@attribute pcm_RMSenergy_sma_percentile1.0 numeric
@attribute pcm_RMSenergy_sma_percentile99.0 numeric
@attribute pcm_RMSenergy_sma_pctlrange0-1 numeric
@attribute pcm_RMSenergy_sma_stddev numeric
@attribute pcm_RMSenergy_sma_skewness numeric
@attribute pcm_RMSenergy_sma_kurtosis numeric
@attribute pcm_RMSenergy_sma_meanSegLen numeric
@attribute pcm_RMSenergy_sma_maxSegLen numeric
@attribute pcm_RMSenergy_sma_minSegLen numeric
@attribute pcm_RMSenergy_sma_segLenStddev numeric
@attribute pcm_RMSenergy_sma_upleveltime25 numeric
@attribute pcm_RMSenergy_sma_upleveltime50 numeric
@attribute pcm_RMSenergy_sma_upleveltime75 numeric
@attribute pcm_RMSenergy_sma_upleveltime90 numeric
@attribute pcm_RMSenergy_sma_risetime numeric
@attribute pcm_RMSenergy_sma_leftctime numeric
@attribute pcm_RMSenergy_sma_lpgain numeric
@attribute pcm_RMSenergy_sma_lpc0 numeric
@attribute pcm_RMSenergy_sma_lpc1 numeric
@attribute pcm_RMSenergy_sma_lpc2 numeric
@attribute pcm_RMSenergy_sma_lpc3 numeric
@attribute pcm_RMSenergy_sma_lpc4 numeric
@attribute pcm_zcr_sma_range numeric
@attribute pcm_zcr_sma_maxPos numeric
@attribute pcm_zcr_sma_minPos numeric
@attribute pcm_zcr_sma_quartile1 numeric
@attribute pcm_zcr_sma_quartile2 numeric
@attribute pcm_zcr_sma_quartile3 numeric
@attribute pcm_zcr_sma_iqr1-2 numeric
@attribute pcm_zcr_sma_iqr2-3 numeric
@attribute pcm_zcr_sma_iqr1-3 numeric
@attribute pcm_zcr_sma_percentile1.0 numeric
@attribute pcm_zcr_sma_percentile99.0 numeric
@attribute pcm_zcr_sma_pctlrange0-1 numeric
@attribute pcm_zcr_sma_stddev numeric
@attribute pcm_zcr_sma_skewness numeric
@attribute pcm_zcr_sma_kurtosis numeric
@attribute pcm_zcr_sma_meanSegLen numeric
@attribute pcm_zcr_sma_maxSegLen numeric
@attribute pcm_zcr_sma_minSegLen numeric
@attribute pcm_zcr_sma_segLenStddev numeric
@attribute pcm_zcr_sma_upleveltime25 numeric
@attribute pcm_zcr_sma_upleveltime50 numeric
@attribute pcm_zcr_sma_upleveltime75 numeric
@attribute pcm_zcr_sma_upleveltime90 numeric
@attribute pcm_zcr_sma_risetime numeric
@attribute pcm_zcr_sma_leftctime numeric
@attribute pcm_zcr_sma_lpgain numeric
@attribute pcm_zcr_sma_lpc0 numeric
@attribute pcm_zcr_sma_lpc1 numeric
@attribute pcm_zcr_sma_lpc2 numeric
@attribute pcm_zcr_sma_lpc3 numeric
@attribute pcm_zcr_sma_lpc4 numeric
@attribute audspec_lengthL1norm_sma_de_range numeric
@attribute audspec_lengthL1norm_sma_de_maxPos numeric
@attribute audspec_lengthL1norm_sma_de_minPos numeric
@attribute audspec_lengthL1norm_sma_de_quartile1 numeric
@attribute audspec_lengthL1norm_sma_de_quartile2 numeric
@attribute audspec_lengthL1norm_sma_de_quartile3 numeric
@attribute audspec_lengthL1norm_sma_de_iqr1-2 numeric
@attribute audspec_lengthL1norm_sma_de_iqr2-3 numeric
@attribute audspec_lengthL1norm_sma_de_iqr1-3 numeric
@attribute audspec_lengthL1norm_sma_de_percentile1.0 numeric
@attribute audspec_lengthL1norm_sma_de_percentile99.0 numeric
@attribute audspec_lengthL1norm_sma_de_pctlrange0-1 numeric
@attribute audspec_lengthL1norm_sma_de_stddev numeric
@attribute audspec_lengthL1norm_sma_de_skewness numeric
@attribute audspec_lengthL1norm_sma_de_kurtosis numeric
@attribute audspec_lengthL1norm_sma_de_meanSegLen numeric
@attribute audspec_lengthL1norm_sma_de_maxSegLen numeric
@attribute audspec_lengthL1norm_sma_de_minSegLen numeric
@attribute audspec_lengthL1norm_sma_de_segLenStddev numeric
@attribute audspec_lengthL1norm_sma_de_upleveltime25 numeric
@attribute audspec_lengthL1norm_sma_de_upleveltime50 numeric
@attribute audspec_lengthL1norm_sma_de_upleveltime75 numeric
@attribute audspec_lengthL1norm_sma_de_upleveltime90 numeric
@attribute audspec_lengthL1norm_sma_de_risetime numeric
@attribute audspec_lengthL1norm_sma_de_leftctime numeric
@attribute audspec_lengthL1norm_sma_de_lpgain numeric
@attribute audspec_lengthL1norm_sma_de_lpc0 numeric
@attribute audspec_lengthL1norm_sma_de_lpc1 numeric
@attribute audspec_lengthL1norm_sma_de_lpc2 numeric
@attribute audspec_lengthL1norm_sma_de_lpc3 numeric
@attribute audspec_lengthL1norm_sma_de_lpc4 numeric
@attribute audspecRasta_lengthL1norm_sma_de_range numeric
@attribute audspecRasta_lengthL1norm_sma_de_maxPos numeric
@attribute audspecRasta_lengthL1norm_sma_de_minPos numeric
@attribute audspecRasta_lengthL1norm_sma_de_quartile1 numeric
@attribute audspecRasta_lengthL1norm_sma_de_quartile2 numeric
@attribute audspecRasta_lengthL1norm_sma_de_quartile3 numeric
@attribute audspecRasta_lengthL1norm_sma_de_iqr1-2 numeric
@attribute audspecRasta_lengthL1norm_sma_de_iqr2-3 numeric
@attribute audspecRasta_lengthL1norm_sma_de_iqr1-3 numeric
@attribute audspecRasta_lengthL1norm_sma_de_percentile1.0 numeric
@attribute audspecRasta_lengthL1norm_sma_de_percentile99.0 numeric
@attribute audspecRasta_lengthL1norm_sma_de_pctlrange0-1 numeric
@attribute audspecRasta_lengthL1norm_sma_de_stddev numeric
@attribute audspecRasta_lengthL1norm_sma_de_skewness numeric
@attribute audspecRasta_lengthL1norm_sma_de_kurtosis numeric
@attribute audspecRasta_lengthL1norm_sma_de_meanSegLen numeric
@attribute audspecRasta_lengthL1norm_sma_de_maxSegLen numeric
@attribute audspecRasta_lengthL1norm_sma_de_minSegLen numeric
@attribute audspecRasta_lengthL1norm_sma_de_segLenStddev numeric
@attribute audspecRasta_lengthL1norm_sma_de_upleveltime25 numeric
@attribute audspecRasta_lengthL1norm_sma_de_upleveltime50 numeric
@attribute audspecRasta_lengthL1norm_sma_de_upleveltime75 numeric
@attribute audspecRasta_lengthL1norm_sma_de_upleveltime90 numeric
@attribute audspecRasta_lengthL1norm_sma_de_risetime numeric
@attribute audspecRasta_lengthL1norm_sma_de_leftctime numeric
@attribute audspecRasta_lengthL1norm_sma_de_lpgain numeric
@attribute audspecRasta_lengthL1norm_sma_de_lpc0 numeric
@attribute audspecRasta_lengthL1norm_sma_de_lpc1 numeric
@attribute audspecRasta_lengthL1norm_sma_de_lpc2 numeric
@attribute audspecRasta_lengthL1norm_sma_de_lpc3 numeric
@attribute audspecRasta_lengthL1norm_sma_de_lpc4 numeric
@attribute pcm_RMSenergy_sma_de_range numeric
@attribute pcm_RMSenergy_sma_de_maxPos numeric
@attribute pcm_RMSenergy_sma_de_minPos numeric
@attribute pcm_RMSenergy_sma_de_quartile1 numeric
@attribute pcm_RMSenergy_sma_de_quartile2 numeric
@attribute pcm_RMSenergy_sma_de_quartile3 numeric
@attribute pcm_RMSenergy_sma_de_iqr1-2 numeric
@attribute pcm_RMSenergy_sma_de_iqr2-3 numeric
@attribute pcm_RMSenergy_sma_de_iqr1-3 numeric
@attribute pcm_RMSenergy_sma_de_percentile1.0 numeric
@attribute pcm_RMSenergy_sma_de_percentile99.0 numeric
@attribute pcm_RMSenergy_sma_de_pctlrange0-1 numeric
@attribute pcm_RMSenergy_sma_de_stddev numeric
@attribute pcm_RMSenergy_sma_de_skewness numeric
@attribute pcm_RMSenergy_sma_de_kurtosis numeric
@attribute pcm_RMSenergy_sma_de_meanSegLen numeric
@attribute pcm_RMSenergy_sma_de_maxSegLen numeric
@attribute pcm_RMSenergy_sma_de_minSegLen numeric
@attribute pcm_RMSenergy_sma_de_segLenStddev numeric
@attribute pcm_RMSenergy_sma_de_upleveltime25 numeric
@attribute pcm_RMSenergy_sma_de_upleveltime50 numeric
@attribute pcm_RMSenergy_sma_de_upleveltime75 numeric
@attribute pcm_RMSenergy_sma_de_upleveltime90 numeric
@attribute pcm_RMSenergy_sma_de_risetime numeric
@attribute pcm_RMSenergy_sma_de_leftctime numeric
@attribute pcm_RMSenergy_sma_de_lpgain numeric
@attribute pcm_RMSenergy_sma_de_lpc0 numeric
@attribute pcm_RMSenergy_sma_de_lpc1 numeric
@attribute pcm_RMSenergy_sma_de_lpc2 numeric
@attribute pcm_RMSenergy_sma_de_lpc3 numeric
@attribute pcm_RMSenergy_sma_de_lpc4 numeric
@attribute pcm_zcr_sma_de_range numeric
@attribute pcm_zcr_sma_de_maxPos numeric
@attribute pcm_zcr_sma_de_minPos numeric
@attribute pcm_zcr_sma_de_quartile1 numeric
@attribute pcm_zcr_sma_de_quartile2 numeric
@attribute pcm_zcr_sma_de_quartile3 numeric
@attribute pcm_zcr_sma_de_iqr1-2 numeric
@attribute pcm_zcr_sma_de_iqr2-3 numeric
@attribute pcm_zcr_sma_de_iqr1-3 numeric
@attribute pcm_zcr_sma_de_percentile1.0 numeric
@attribute pcm_zcr_sma_de_percentile99.0 numeric
@attribute pcm_zcr_sma_de_pctlrange0-1 numeric
@attribute pcm_zcr_sma_de_stddev numeric
@attribute pcm_zcr_sma_de_skewness numeric
@attribute pcm_zcr_sma_de_kurtosis numeric
@attribute pcm_zcr_sma_de_meanSegLen numeric
@attribute pcm_zcr_sma_de_maxSegLen numeric
@attribute pcm_zcr_sma_de_minSegLen numeric
@attribute pcm_zcr_sma_de_segLenStddev numeric
@attribute pcm_zcr_sma_de_upleveltime25 numeric
@attribute pcm_zcr_sma_de_upleveltime50 numeric
@attribute pcm_zcr_sma_de_upleveltime75 numeric
@attribute pcm_zcr_sma_de_upleveltime90 numeric
@attribute pcm_zcr_sma_de_risetime numeric
@attribute pcm_zcr_sma_de_leftctime numeric
@attribute pcm_zcr_sma_de_lpgain numeric
@attribute pcm_zcr_sma_de_lpc0 numeric
@attribute pcm_zcr_sma_de_lpc1 numeric
@attribute pcm_zcr_sma_de_lpc2 numeric
@attribute pcm_zcr_sma_de_lpc3 numeric
@attribute pcm_zcr_sma_de_lpc4 numeric
@attribute audSpec_Rfilt_sma[0]_range numeric
@attribute audSpec_Rfilt_sma[0]_maxPos numeric
@attribute audSpec_Rfilt_sma[0]_minPos numeric
@attribute audSpec_Rfilt_sma[0]_quartile1 numeric
@attribute audSpec_Rfilt_sma[0]_quartile2 numeric
@attribute audSpec_Rfilt_sma[0]_quartile3 numeric
@attribute audSpec_Rfilt_sma[0]_iqr1-2 numeric
@attribute audSpec_Rfilt_sma[0]_iqr2-3 numeric
@attribute audSpec_Rfilt_sma[0]_iqr1-3 numeric
@attribute audSpec_Rfilt_sma[0]_percentile1.0 numeric
@attribute audSpec_Rfilt_sma[0]_percentile99.0 numeric
@attribute audSpec_Rfilt_sma[0]_pctlrange0-1 numeric
@attribute audSpec_Rfilt_sma[0]_stddev numeric
@attribute audSpec_Rfilt_sma[0]_skewness numeric
@attribute audSpec_Rfilt_sma[0]_kurtosis numeric
@attribute audSpec_Rfilt_sma[0]_meanSegLen numeric
@attribute audSpec_Rfilt_sma[0]_maxSegLen numeric
@attribute audSpec_Rfilt_sma[0]_minSegLen numeric
@attribute audSpec_Rfilt_sma[0]_segLenStddev numeric
@attribute audSpec_Rfilt_sma[0]_upleveltime25 numeric
@attribute audSpec_Rfilt_sma[0]_upleveltime50 numeric
@attribute audSpec_Rfilt_sma[0]_upleveltime75 numeric
@attribute audSpec_Rfilt_sma[0]_upleveltime90 numeric
@attribute audSpec_Rfilt_sma[0]_risetime numeric
@attribute audSpec_Rfilt_sma[0]_leftctime numeric
@attribute audSpec_Rfilt_sma[0]_lpgain numeric
@attribute audSpec_Rfilt_sma[0]_lpc0 numeric
@attribute audSpec_Rfilt_sma[0]_lpc1 numeric
@attribute audSpec_Rfilt_sma[0]_lpc2 numeric
@attribute audSpec_Rfilt_sma[0]_lpc3 numeric
@attribute audSpec_Rfilt_sma[0]_lpc4 numeric
@attribute audSpec_Rfilt_sma[1]_range numeric
@attribute audSpec_Rfilt_sma[1]_maxPos numeric
@attribute audSpec_Rfilt_sma[1]_minPos numeric
@attribute audSpec_Rfilt_sma[1]_quartile1 numeric
@attribute audSpec_Rfilt_sma[1]_quartile2 numeric
@attribute audSpec_Rfilt_sma[1]_quartile3 numeric
@attribute audSpec_Rfilt_sma[1]_iqr1-2 numeric
@attribute audSpec_Rfilt_sma[1]_iqr2-3 numeric
@attribute audSpec_Rfilt_sma[1]_iqr1-3 numeric
@attribute audSpec_Rfilt_sma[1]_percentile1.0 numeric
@attribute audSpec_Rfilt_sma[1]_percentile99.0 numeric
@attribute audSpec_Rfilt_sma[1]_pctlrange0-1 numeric
@attribute audSpec_Rfilt_sma[1]_stddev numeric
@attribute audSpec_Rfilt_sma[1]_skewness numeric
@attribute audSpec_Rfilt_sma[1]_kurtosis numeric
@attribute audSpec_Rfilt_sma[1]_meanSegLen numeric
@attribute audSpec_Rfilt_sma[1]_maxSegLen numeric
@attribute audSpec_Rfilt_sma[1]_minSegLen numeric
@attribute audSpec_Rfilt_sma[1]_segLenStddev numeric
@attribute audSpec_Rfilt_sma[1]_upleveltime25 numeric
@attribute audSpec_Rfilt_sma[1]_upleveltime50 numeric
@attribute audSpec_Rfilt_sma[1]_upleveltime75 numeric
@attribute audSpec_Rfilt_sma[1]_upleveltime90 numeric
@attribute audSpec_Rfilt_sma[1]_risetime numeric
@attribute audSpec_Rfilt_sma[1]_leftctime numeric
@attribute audSpec_Rfilt_sma[1]_lpgain numeric
@attribute audSpec_Rfilt_sma[1]_lpc0 numeric
@attribute audSpec_Rfilt_sma[1]_lpc1 numeric
@attribute audSpec_Rfilt_sma[1]_lpc2 numeric
@attribute audSpec_Rfilt_sma[1]_lpc3 numeric
@attribute audSpec_Rfilt_sma[1]_lpc4 numeric
@attribute audSpec_Rfilt_sma[2]_range numeric
@attribute audSpec_Rfilt_sma[2]_maxPos numeric
@attribute audSpec_Rfilt_sma[2]_minPos numeric
@attribute audSpec_Rfilt_sma[2]_quartile1 numeric
@attribute audSpec_Rfilt_sma[2]_quartile2 numeric
@attribute audSpec_Rfilt_sma[2]_quartile3 numeric
@attribute audSpec_Rfilt_sma[2]_iqr1-2 numeric
@attribute audSpec_Rfilt_sma[2]_iqr2-3 numeric
@attribute audSpec_Rfilt_sma[2]_iqr1-3 numeric
@attribute audSpec_Rfilt_sma[2]_percentile1.0 numeric
@attribute audSpec_Rfilt_sma[2]_percentile99.0 numeric
@attribute audSpec_Rfilt_sma[2]_pctlrange0-1 numeric
@attribute audSpec_Rfilt_sma[2]_stddev numeric
@attribute audSpec_Rfilt_sma[2]_skewness numeric
@attribute audSpec_Rfilt_sma[2]_kurtosis numeric
@attribute audSpec_Rfilt_sma[2]_meanSegLen numeric
@attribute audSpec_Rfilt_sma[2]_maxSegLen numeric
@attribute audSpec_Rfilt_sma[2]_minSegLen numeric
@attribute audSpec_Rfilt_sma[2]_segLenStddev numeric
@attribute audSpec_Rfilt_sma[2]_upleveltime25 numeric
@attribute audSpec_Rfilt_sma[2]_upleveltime50 numeric
@attribute audSpec_Rfilt_sma[2]_upleveltime75 numeric
@attribute audSpec_Rfilt_sma[2]_upleveltime90 numeric
@attribute audSpec_Rfilt_sma[2]_risetime numeric
@attribute audSpec_Rfilt_sma[2]_leftctime numeric
@attribute audSpec_Rfilt_sma[2]_lpgain numeric
@attribute audSpec_Rfilt_sma[2]_lpc0 numeric
@attribute audSpec_Rfilt_sma[2]_lpc1 numeric
@attribute audSpec_Rfilt_sma[2]_lpc2 numeric
@attribute audSpec_Rfilt_sma[2]_lpc3 numeric
@attribute audSpec_Rfilt_sma[2]_lpc4 numeric
@attribute audSpec_Rfilt_sma[3]_range numeric
@attribute audSpec_Rfilt_sma[3]_maxPos numeric
@attribute audSpec_Rfilt_sma[3]_minPos numeric
@attribute audSpec_Rfilt_sma[3]_quartile1 numeric
@attribute audSpec_Rfilt_sma[3]_quartile2 numeric
@attribute audSpec_Rfilt_sma[3]_quartile3 numeric
@attribute audSpec_Rfilt_sma[3]_iqr1-2 numeric
@attribute audSpec_Rfilt_sma[3]_iqr2-3 numeric
@attribute audSpec_Rfilt_sma[3]_iqr1-3 numeric
@attribute audSpec_Rfilt_sma[3]_percentile1.0 numeric
@attribute audSpec_Rfilt_sma[3]_percentile99.0 numeric
@attribute audSpec_Rfilt_sma[3]_pctlrange0-1 numeric
@attribute audSpec_Rfilt_sma[3]_stddev numeric
@attribute audSpec_Rfilt_sma[3]_skewness numeric
@attribute audSpec_Rfilt_sma[3]_kurtosis numeric
@attribute audSpec_Rfilt_sma[3]_meanSegLen numeric
@attribute audSpec_Rfilt_sma[3]_maxSegLen numeric
@attribute audSpec_Rfilt_sma[3]_minSegLen numeric
@attribute audSpec_Rfilt_sma[3]_segLenStddev numeric
@attribute audSpec_Rfilt_sma[3]_upleveltime25 numeric
@attribute audSpec_Rfilt_sma[3]_upleveltime50 numeric
@attribute audSpec_Rfilt_sma[3]_upleveltime75 numeric
@attribute audSpec_Rfilt_sma[3]_upleveltime90 numeric
@attribute audSpec_Rfilt_sma[3]_risetime numeric
@attribute audSpec_Rfilt_sma[3]_leftctime numeric
@attribute audSpec_Rfilt_sma[3]_lpgain numeric
@attribute audSpec_Rfilt_sma[3]_lpc0 numeric
@attribute audSpec_Rfilt_sma[3]_lpc1 numeric
@attribute audSpec_Rfilt_sma[3]_lpc2 numeric
@attribute audSpec_Rfilt_sma[3]_lpc3 numeric
@attribute audSpec_Rfilt_sma[3]_lpc4 numeric
@attribute audSpec_Rfilt_sma[4]_range numeric
@attribute audSpec_Rfilt_sma[4]_maxPos numeric
@attribute audSpec_Rfilt_sma[4]_minPos numeric
@attribute audSpec_Rfilt_sma[4]_quartile1 numeric
@attribute audSpec_Rfilt_sma[4]_quartile2 numeric
@attribute audSpec_Rfilt_sma[4]_quartile3 numeric
@attribute audSpec_Rfilt_sma[4]_iqr1-2 numeric
@attribute audSpec_Rfilt_sma[4]_iqr2-3 numeric
@attribute audSpec_Rfilt_sma[4]_iqr1-3 numeric
@attribute audSpec_Rfilt_sma[4]_percentile1.0 numeric
@attribute audSpec_Rfilt_sma[4]_percentile99.0 numeric
@attribute audSpec_Rfilt_sma[4]_pctlrange0-1 numeric
@attribute audSpec_Rfilt_sma[4]_stddev numeric
@attribute audSpec_Rfilt_sma[4]_skewness numeric
@attribute audSpec_Rfilt_sma[4]_kurtosis numeric
@attribute audSpec_Rfilt_sma[4]_meanSegLen numeric
@attribute audSpec_Rfilt_sma[4]_maxSegLen numeric
@attribute audSpec_Rfilt_sma[4]_minSegLen numeric
@attribute audSpec_Rfilt_sma[4]_segLenStddev numeric
@attribute audSpec_Rfilt_sma[4]_upleveltime25 numeric
@attribute audSpec_Rfilt_sma[4]_upleveltime50 numeric
@attribute audSpec_Rfilt_sma[4]_upleveltime75 numeric
@attribute audSpec_Rfilt_sma[4]_upleveltime90 numeric
@attribute audSpec_Rfilt_sma[4]_risetime numeric
@attribute audSpec_Rfilt_sma[4]_leftctime numeric
@attribute audSpec_Rfilt_sma[4]_lpgain numeric
@attribute audSpec_Rfilt_sma[4]_lpc0 numeric
@attribute audSpec_Rfilt_sma[4]_lpc1 numeric
@attribute audSpec_Rfilt_sma[4]_lpc2 numeric
@attribute audSpec_Rfilt_sma[4]_lpc3 numeric
@attribute audSpec_Rfilt_sma[4]_lpc4 numeric
@attribute audSpec_Rfilt_sma[5]_range numeric
@attribute audSpec_Rfilt_sma[5]_maxPos numeric
@attribute audSpec_Rfilt_sma[5]_minPos numeric
@attribute audSpec_Rfilt_sma[5]_quartile1 numeric
@attribute audSpec_Rfilt_sma[5]_quartile2 numeric
@attribute audSpec_Rfilt_sma[5]_quartile3 numeric
@attribute audSpec_Rfilt_sma[5]_iqr1-2 numeric
@attribute audSpec_Rfilt_sma[5]_iqr2-3 numeric
@attribute audSpec_Rfilt_sma[5]_iqr1-3 numeric
@attribute audSpec_Rfilt_sma[5]_percentile1.0 numeric
@attribute audSpec_Rfilt_sma[5]_percentile99.0 numeric
@attribute audSpec_Rfilt_sma[5]_pctlrange0-1 numeric
@attribute audSpec_Rfilt_sma[5]_stddev numeric
@attribute audSpec_Rfilt_sma[5]_skewness numeric
@attribute audSpec_Rfilt_sma[5]_kurtosis numeric
@attribute audSpec_Rfilt_sma[5]_meanSegLen numeric
@attribute audSpec_Rfilt_sma[5]_maxSegLen numeric
@attribute audSpec_Rfilt_sma[5]_minSegLen numeric
@attribute audSpec_Rfilt_sma[5]_segLenStddev numeric
@attribute audSpec_Rfilt_sma[5]_upleveltime25 numeric
@attribute audSpec_Rfilt_sma[5]_upleveltime50 numeric
@attribute audSpec_Rfilt_sma[5]_upleveltime75 numeric
@attribute audSpec_Rfilt_sma[5]_upleveltime90 numeric
@attribute audSpec_Rfilt_sma[5]_risetime numeric
@attribute audSpec_Rfilt_sma[5]_leftctime numeric
@attribute audSpec_Rfilt_sma[5]_lpgain numeric
@attribute audSpec_Rfilt_sma[5]_lpc0 numeric
@attribute audSpec_Rfilt_sma[5]_lpc1 numeric
@attribute audSpec_Rfilt_sma[5]_lpc2 numeric
@attribute audSpec_Rfilt_sma[5]_lpc3 numeric
@attribute audSpec_Rfilt_sma[5]_lpc4 numeric
@attribute audSpec_Rfilt_sma[6]_range numeric
@attribute audSpec_Rfilt_sma[6]_maxPos numeric
@attribute audSpec_Rfilt_sma[6]_minPos numeric
@attribute audSpec_Rfilt_sma[6]_quartile1 numeric
@attribute audSpec_Rfilt_sma[6]_quartile2 numeric
@attribute audSpec_Rfilt_sma[6]_quartile3 numeric
@attribute audSpec_Rfilt_sma[6]_iqr1-2 numeric
@attribute audSpec_Rfilt_sma[6]_iqr2-3 numeric
@attribute audSpec_Rfilt_sma[6]_iqr1-3 numeric
@attribute audSpec_Rfilt_sma[6]_percentile1.0 numeric
@attribute audSpec_Rfilt_sma[6]_percentile99.0 numeric
@attribute audSpec_Rfilt_sma[6]_pctlrange0-1 numeric
@attribute audSpec_Rfilt_sma[6]_stddev numeric
@attribute audSpec_Rfilt_sma[6]_skewness numeric
@attribute audSpec_Rfilt_sma[6]_kurtosis numeric
@attribute audSpec_Rfilt_sma[6]_meanSegLen numeric
@attribute audSpec_Rfilt_sma[6]_maxSegLen numeric
@attribute audSpec_Rfilt_sma[6]_minSegLen numeric
@attribute audSpec_Rfilt_sma[6]_segLenStddev numeric
@attribute audSpec_Rfilt_sma[6]_upleveltime25 numeric
@attribute audSpec_Rfilt_sma[6]_upleveltime50 numeric
@attribute audSpec_Rfilt_sma[6]_upleveltime75 numeric
@attribute audSpec_Rfilt_sma[6]_upleveltime90 numeric
@attribute audSpec_Rfilt_sma[6]_risetime numeric
@attribute audSpec_Rfilt_sma[6]_leftctime numeric
@attribute audSpec_Rfilt_sma[6]_lpgain numeric
@attribute audSpec_Rfilt_sma[6]_lpc0 numeric
@attribute audSpec_Rfilt_sma[6]_lpc1 numeric
@attribute audSpec_Rfilt_sma[6]_lpc2 numeric
@attribute audSpec_Rfilt_sma[6]_lpc3 numeric
@attribute audSpec_Rfilt_sma[6]_lpc4 numeric
@attribute audSpec_Rfilt_sma[7]_range numeric
@attribute audSpec_Rfilt_sma[7]_maxPos numeric
@attribute audSpec_Rfilt_sma[7]_minPos numeric
@attribute audSpec_Rfilt_sma[7]_quartile1 numeric
@attribute audSpec_Rfilt_sma[7]_quartile2 numeric
@attribute audSpec_Rfilt_sma[7]_quartile3 numeric
@attribute audSpec_Rfilt_sma[7]_iqr1-2 numeric
@attribute audSpec_Rfilt_sma[7]_iqr2-3 numeric
@attribute audSpec_Rfilt_sma[7]_iqr1-3 numeric
@attribute audSpec_Rfilt_sma[7]_percentile1.0 numeric
@attribute audSpec_Rfilt_sma[7]_percentile99.0 numeric
@attribute audSpec_Rfilt_sma[7]_pctlrange0-1 numeric
@attribute audSpec_Rfilt_sma[7]_stddev numeric
@attribute audSpec_Rfilt_sma[7]_skewness numeric
@attribute audSpec_Rfilt_sma[7]_kurtosis numeric
@attribute audSpec_Rfilt_sma[7]_meanSegLen numeric
@attribute audSpec_Rfilt_sma[7]_maxSegLen numeric
@attribute audSpec_Rfilt_sma[7]_minSegLen numeric
@attribute audSpec_Rfilt_sma[7]_segLenStddev numeric
@attribute audSpec_Rfilt_sma[7]_upleveltime25 numeric
@attribute audSpec_Rfilt_sma[7]_upleveltime50 numeric
@attribute audSpec_Rfilt_sma[7]_upleveltime75 numeric
@attribute audSpec_Rfilt_sma[7]_upleveltime90 numeric
@attribute audSpec_Rfilt_sma[7]_risetime numeric
@attribute audSpec_Rfilt_sma[7]_leftctime numeric
@attribute audSpec_Rfilt_sma[7]_lpgain numeric
@attribute audSpec_Rfilt_sma[7]_lpc0 numeric
@attribute audSpec_Rfilt_sma[7]_lpc1 numeric
@attribute audSpec_Rfilt_sma[7]_lpc2 numeric
@attribute audSpec_Rfilt_sma[7]_lpc3 numeric
@attribute audSpec_Rfilt_sma[7]_lpc4 numeric
@attribute audSpec_Rfilt_sma[8]_range numeric
@attribute audSpec_Rfilt_sma[8]_maxPos numeric
@attribute audSpec_Rfilt_sma[8]_minPos numeric
@attribute audSpec_Rfilt_sma[8]_quartile1 numeric
@attribute audSpec_Rfilt_sma[8]_quartile2 numeric
@attribute audSpec_Rfilt_sma[8]_quartile3 numeric
@attribute audSpec_Rfilt_sma[8]_iqr1-2 numeric
@attribute audSpec_Rfilt_sma[8]_iqr2-3 numeric
@attribute audSpec_Rfilt_sma[8]_iqr1-3 numeric
@attribute audSpec_Rfilt_sma[8]_percentile1.0 numeric
@attribute audSpec_Rfilt_sma[8]_percentile99.0 numeric
@attribute audSpec_Rfilt_sma[8]_pctlrange0-1 numeric
@attribute audSpec_Rfilt_sma[8]_stddev numeric
@attribute audSpec_Rfilt_sma[8]_skewness numeric
@attribute audSpec_Rfilt_sma[8]_kurtosis numeric
@attribute audSpec_Rfilt_sma[8]_meanSegLen numeric
@attribute audSpec_Rfilt_sma[8]_maxSegLen numeric
@attribute audSpec_Rfilt_sma[8]_minSegLen numeric
@attribute audSpec_Rfilt_sma[8]_segLenStddev numeric
@attribute audSpec_Rfilt_sma[8]_upleveltime25 numeric
@attribute audSpec_Rfilt_sma[8]_upleveltime50 numeric
@attribute audSpec_Rfilt_sma[8]_upleveltime75 numeric
@attribute audSpec_Rfilt_sma[8]_upleveltime90 numeric
@attribute audSpec_Rfilt_sma[8]_risetime numeric
@attribute audSpec_Rfilt_sma[8]_leftctime numeric
@attribute audSpec_Rfilt_sma[8]_lpgain numeric
@attribute audSpec_Rfilt_sma[8]_lpc0 numeric
@attribute audSpec_Rfilt_sma[8]_lpc1 numeric
@attribute audSpec_Rfilt_sma[8]_lpc2 numeric
@attribute audSpec_Rfilt_sma[8]_lpc3 numeric
@attribute audSpec_Rfilt_sma[8]_lpc4 numeric
@attribute audSpec_Rfilt_sma[9]_range numeric
@attribute audSpec_Rfilt_sma[9]_maxPos numeric
@attribute audSpec_Rfilt_sma[9]_minPos numeric
@attribute audSpec_Rfilt_sma[9]_quartile1 numeric
@attribute audSpec_Rfilt_sma[9]_quartile2 numeric
@attribute audSpec_Rfilt_sma[9]_quartile3 numeric
@attribute audSpec_Rfilt_sma[9]_iqr1-2 numeric
@attribute audSpec_Rfilt_sma[9]_iqr2-3 numeric
@attribute audSpec_Rfilt_sma[9]_iqr1-3 numeric
@attribute audSpec_Rfilt_sma[9]_percentile1.0 numeric
@attribute audSpec_Rfilt_sma[9]_percentile99.0 numeric
@attribute audSpec_Rfilt_sma[9]_pctlrange0-1 numeric
@attribute audSpec_Rfilt_sma[9]_stddev numeric
@attribute audSpec_Rfilt_sma[9]_skewness numeric
@attribute audSpec_Rfilt_sma[9]_kurtosis numeric
@attribute audSpec_Rfilt_sma[9]_meanSegLen numeric
@attribute audSpec_Rfilt_sma[9]_maxSegLen numeric
@attribute audSpec_Rfilt_sma[9]_minSegLen numeric
@attribute audSpec_Rfilt_sma[9]_segLenStddev numeric
@attribute audSpec_Rfilt_sma[9]_upleveltime25 numeric
@attribute audSpec_Rfilt_sma[9]_upleveltime50 numeric
@attribute audSpec_Rfilt_sma[9]_upleveltime75 numeric
@attribute audSpec_Rfilt_sma[9]_upleveltime90 numeric
@attribute audSpec_Rfilt_sma[9]_risetime numeric
@attribute audSpec_Rfilt_sma[9]_leftctime numeric
@attribute audSpec_Rfilt_sma[9]_lpgain numeric
@attribute audSpec_Rfilt_sma[9]_lpc0 numeric
@attribute audSpec_Rfilt_sma[9]_lpc1 numeric
@attribute audSpec_Rfilt_sma[9]_lpc2 numeric
@attribute audSpec_Rfilt_sma[9]_lpc3 numeric
@attribute audSpec_Rfilt_sma[9]_lpc4 numeric
@attribute audSpec_Rfilt_sma[10]_range numeric
@attribute audSpec_Rfilt_sma[10]_maxPos numeric
@attribute audSpec_Rfilt_sma[10]_minPos numeric
@attribute audSpec_Rfilt_sma[10]_quartile1 numeric
@attribute audSpec_Rfilt_sma[10]_quartile2 numeric
@attribute audSpec_Rfilt_sma[10]_quartile3 numeric
@attribute audSpec_Rfilt_sma[10]_iqr1-2 numeric
@attribute audSpec_Rfilt_sma[10]_iqr2-3 numeric
@attribute audSpec_Rfilt_sma[10]_iqr1-3 numeric
@attribute audSpec_Rfilt_sma[10]_percentile1.0 numeric
@attribute audSpec_Rfilt_sma[10]_percentile99.0 numeric
@attribute audSpec_Rfilt_sma[10]_pctlrange0-1 numeric
@attribute audSpec_Rfilt_sma[10]_stddev numeric
@attribute audSpec_Rfilt_sma[10]_skewness numeric
@attribute audSpec_Rfilt_sma[10]_kurtosis numeric
@attribute audSpec_Rfilt_sma[10]_meanSegLen numeric
@attribute audSpec_Rfilt_sma[10]_maxSegLen numeric
@attribute audSpec_Rfilt_sma[10]_minSegLen numeric
@attribute audSpec_Rfilt_sma[10]_segLenStddev numeric
@attribute audSpec_Rfilt_sma[10]_upleveltime25 numeric
@attribute audSpec_Rfilt_sma[10]_upleveltime50 numeric
@attribute audSpec_Rfilt_sma[10]_upleveltime75 numeric
@attribute audSpec_Rfilt_sma[10]_upleveltime90 numeric
@attribute audSpec_Rfilt_sma[10]_risetime numeric
@attribute audSpec_Rfilt_sma[10]_leftctime numeric
@attribute audSpec_Rfilt_sma[10]_lpgain numeric
@attribute audSpec_Rfilt_sma[10]_lpc0 numeric
@attribute audSpec_Rfilt_sma[10]_lpc1 numeric
@attribute audSpec_Rfilt_sma[10]_lpc2 numeric
@attribute audSpec_Rfilt_sma[10]_lpc3 numeric
@attribute audSpec_Rfilt_sma[10]_lpc4 numeric
@attribute audSpec_Rfilt_sma[11]_range numeric
@attribute audSpec_Rfilt_sma[11]_maxPos numeric
@attribute audSpec_Rfilt_sma[11]_minPos numeric
@attribute audSpec_Rfilt_sma[11]_quartile1 numeric
@attribute audSpec_Rfilt_sma[11]_quartile2 numeric
@attribute audSpec_Rfilt_sma[11]_quartile3 numeric
@attribute audSpec_Rfilt_sma[11]_iqr1-2 numeric
@attribute audSpec_Rfilt_sma[11]_iqr2-3 numeric
@attribute audSpec_Rfilt_sma[11]_iqr1-3 numeric
@attribute audSpec_Rfilt_sma[11]_percentile1.0 numeric
@attribute audSpec_Rfilt_sma[11]_percentile99.0 numeric
@attribute audSpec_Rfilt_sma[11]_pctlrange0-1 numeric
@attribute audSpec_Rfilt_sma[11]_stddev numeric
@attribute audSpec_Rfilt_sma[11]_skewness numeric
@attribute audSpec_Rfilt_sma[11]_kurtosis numeric
@attribute audSpec_Rfilt_sma[11]_meanSegLen numeric
@attribute audSpec_Rfilt_sma[11]_maxSegLen numeric
@attribute audSpec_Rfilt_sma[11]_minSegLen numeric
@attribute audSpec_Rfilt_sma[11]_segLenStddev numeric
@attribute audSpec_Rfilt_sma[11]_upleveltime25 numeric
@attribute audSpec_Rfilt_sma[11]_upleveltime50 numeric
@attribute audSpec_Rfilt_sma[11]_upleveltime75 numeric
@attribute audSpec_Rfilt_sma[11]_upleveltime90 numeric
@attribute audSpec_Rfilt_sma[11]_risetime numeric
@attribute audSpec_Rfilt_sma[11]_leftctime numeric
@attribute audSpec_Rfilt_sma[11]_lpgain numeric
@attribute audSpec_Rfilt_sma[11]_lpc0 numeric
@attribute audSpec_Rfilt_sma[11]_lpc1 numeric
@attribute audSpec_Rfilt_sma[11]_lpc2 numeric
@attribute audSpec_Rfilt_sma[11]_lpc3 numeric
@attribute audSpec_Rfilt_sma[11]_lpc4 numeric
@attribute audSpec_Rfilt_sma[12]_range numeric
@attribute audSpec_Rfilt_sma[12]_maxPos numeric
@attribute audSpec_Rfilt_sma[12]_minPos numeric
@attribute audSpec_Rfilt_sma[12]_quartile1 numeric
@attribute audSpec_Rfilt_sma[12]_quartile2 numeric
@attribute audSpec_Rfilt_sma[12]_quartile3 numeric
@attribute audSpec_Rfilt_sma[12]_iqr1-2 numeric
@attribute audSpec_Rfilt_sma[12]_iqr2-3 numeric
@attribute audSpec_Rfilt_sma[12]_iqr1-3 numeric
@attribute audSpec_Rfilt_sma[12]_percentile1.0 numeric
@attribute audSpec_Rfilt_sma[12]_percentile99.0 numeric
@attribute audSpec_Rfilt_sma[12]_pctlrange0-1 numeric
@attribute audSpec_Rfilt_sma[12]_stddev numeric
@attribute audSpec_Rfilt_sma[12]_skewness numeric
@attribute audSpec_Rfilt_sma[12]_kurtosis numeric
@attribute audSpec_Rfilt_sma[12]_meanSegLen numeric
@attribute audSpec_Rfilt_sma[12]_maxSegLen numeric
@attribute audSpec_Rfilt_sma[12]_minSegLen numeric
@attribute audSpec_Rfilt_sma[12]_segLenStddev numeric
@attribute audSpec_Rfilt_sma[12]_upleveltime25 numeric
@attribute audSpec_Rfilt_sma[12]_upleveltime50 numeric
@attribute audSpec_Rfilt_sma[12]_upleveltime75 numeric
@attribute audSpec_Rfilt_sma[12]_upleveltime90 numeric
@attribute audSpec_Rfilt_sma[12]_risetime numeric
@attribute audSpec_Rfilt_sma[12]_leftctime numeric
@attribute audSpec_Rfilt_sma[12]_lpgain numeric
@attribute audSpec_Rfilt_sma[12]_lpc0 numeric
@attribute audSpec_Rfilt_sma[12]_lpc1 numeric
@attribute audSpec_Rfilt_sma[12]_lpc2 numeric
@attribute audSpec_Rfilt_sma[12]_lpc3 numeric
@attribute audSpec_Rfilt_sma[12]_lpc4 numeric
@attribute audSpec_Rfilt_sma[13]_range numeric
@attribute audSpec_Rfilt_sma[13]_maxPos numeric
@attribute audSpec_Rfilt_sma[13]_minPos numeric
@attribute audSpec_Rfilt_sma[13]_quartile1 numeric
@attribute audSpec_Rfilt_sma[13]_quartile2 numeric
@attribute audSpec_Rfilt_sma[13]_quartile3 numeric
@attribute audSpec_Rfilt_sma[13]_iqr1-2 numeric
@attribute audSpec_Rfilt_sma[13]_iqr2-3 numeric
@attribute audSpec_Rfilt_sma[13]_iqr1-3 numeric
@attribute audSpec_Rfilt_sma[13]_percentile1.0 numeric
@attribute audSpec_Rfilt_sma[13]_percentile99.0 numeric
@attribute audSpec_Rfilt_sma[13]_pctlrange0-1 numeric
@attribute audSpec_Rfilt_sma[13]_stddev numeric
@attribute audSpec_Rfilt_sma[13]_skewness numeric
@attribute audSpec_Rfilt_sma[13]_kurtosis numeric
@attribute audSpec_Rfilt_sma[13]_meanSegLen numeric
@attribute audSpec_Rfilt_sma[13]_maxSegLen numeric
@attribute audSpec_Rfilt_sma[13]_minSegLen numeric
@attribute audSpec_Rfilt_sma[13]_segLenStddev numeric
@attribute audSpec_Rfilt_sma[13]_upleveltime25 numeric
@attribute audSpec_Rfilt_sma[13]_upleveltime50 numeric
@attribute audSpec_Rfilt_sma[13]_upleveltime75 numeric
@attribute audSpec_Rfilt_sma[13]_upleveltime90 numeric
@attribute audSpec_Rfilt_sma[13]_risetime numeric
@attribute audSpec_Rfilt_sma[13]_leftctime numeric
@attribute audSpec_Rfilt_sma[13]_lpgain numeric
@attribute audSpec_Rfilt_sma[13]_lpc0 numeric
@attribute audSpec_Rfilt_sma[13]_lpc1 numeric
@attribute audSpec_Rfilt_sma[13]_lpc2 numeric
@attribute audSpec_Rfilt_sma[13]_lpc3 numeric
@attribute audSpec_Rfilt_sma[13]_lpc4 numeric
@attribute audSpec_Rfilt_sma[14]_range numeric
@attribute audSpec_Rfilt_sma[14]_maxPos numeric
@attribute audSpec_Rfilt_sma[14]_minPos numeric
@attribute audSpec_Rfilt_sma[14]_quartile1 numeric
@attribute audSpec_Rfilt_sma[14]_quartile2 numeric
@attribute audSpec_Rfilt_sma[14]_quartile3 numeric
@attribute audSpec_Rfilt_sma[14]_iqr1-2 numeric
@attribute audSpec_Rfilt_sma[14]_iqr2-3 numeric
@attribute audSpec_Rfilt_sma[14]_iqr1-3 numeric
@attribute audSpec_Rfilt_sma[14]_percentile1.0 numeric
@attribute audSpec_Rfilt_sma[14]_percentile99.0 numeric
@attribute audSpec_Rfilt_sma[14]_pctlrange0-1 numeric
@attribute audSpec_Rfilt_sma[14]_stddev numeric
@attribute audSpec_Rfilt_sma[14]_skewness numeric
@attribute audSpec_Rfilt_sma[14]_kurtosis numeric
@attribute audSpec_Rfilt_sma[14]_meanSegLen numeric
@attribute audSpec_Rfilt_sma[14]_maxSegLen numeric
@attribute audSpec_Rfilt_sma[14]_minSegLen numeric
@attribute audSpec_Rfilt_sma[14]_segLenStddev numeric
@attribute audSpec_Rfilt_sma[14]_upleveltime25 numeric
@attribute audSpec_Rfilt_sma[14]_upleveltime50 numeric
@attribute audSpec_Rfilt_sma[14]_upleveltime75 numeric
@attribute audSpec_Rfilt_sma[14]_upleveltime90 numeric
@attribute audSpec_Rfilt_sma[14]_risetime numeric
@attribute audSpec_Rfilt_sma[14]_leftctime numeric
@attribute audSpec_Rfilt_sma[14]_lpgain numeric
@attribute audSpec_Rfilt_sma[14]_lpc0 numeric
@attribute audSpec_Rfilt_sma[14]_lpc1 numeric
@attribute audSpec_Rfilt_sma[14]_lpc2 numeric
@attribute audSpec_Rfilt_sma[14]_lpc3 numeric
@attribute audSpec_Rfilt_sma[14]_lpc4 numeric
@attribute audSpec_Rfilt_sma[15]_range numeric
@attribute audSpec_Rfilt_sma[15]_maxPos numeric
@attribute audSpec_Rfilt_sma[15]_minPos numeric
@attribute audSpec_Rfilt_sma[15]_quartile1 numeric
@attribute audSpec_Rfilt_sma[15]_quartile2 numeric
@attribute audSpec_Rfilt_sma[15]_quartile3 numeric
@attribute audSpec_Rfilt_sma[15]_iqr1-2 numeric
@attribute audSpec_Rfilt_sma[15]_iqr2-3 numeric
@attribute audSpec_Rfilt_sma[15]_iqr1-3 numeric
@attribute audSpec_Rfilt_sma[15]_percentile1.0 numeric
@attribute audSpec_Rfilt_sma[15]_percentile99.0 numeric
@attribute audSpec_Rfilt_sma[15]_pctlrange0-1 numeric
@attribute audSpec_Rfilt_sma[15]_stddev numeric
@attribute audSpec_Rfilt_sma[15]_skewness numeric
@attribute audSpec_Rfilt_sma[15]_kurtosis numeric
@attribute audSpec_Rfilt_sma[15]_meanSegLen numeric
@attribute audSpec_Rfilt_sma[15]_maxSegLen numeric
@attribute audSpec_Rfilt_sma[15]_minSegLen numeric
@attribute audSpec_Rfilt_sma[15]_segLenStddev numeric
@attribute audSpec_Rfilt_sma[15]_upleveltime25 numeric
@attribute audSpec_Rfilt_sma[15]_upleveltime50 numeric
@attribute audSpec_Rfilt_sma[15]_upleveltime75 numeric
@attribute audSpec_Rfilt_sma[15]_upleveltime90 numeric
@attribute audSpec_Rfilt_sma[15]_risetime numeric
@attribute audSpec_Rfilt_sma[15]_leftctime numeric
@attribute audSpec_Rfilt_sma[15]_lpgain numeric
@attribute audSpec_Rfilt_sma[15]_lpc0 numeric
@attribute audSpec_Rfilt_sma[15]_lpc1 numeric
@attribute audSpec_Rfilt_sma[15]_lpc2 numeric
@attribute audSpec_Rfilt_sma[15]_lpc3 numeric
@attribute audSpec_Rfilt_sma[15]_lpc4 numeric
@attribute audSpec_Rfilt_sma[16]_range numeric
@attribute audSpec_Rfilt_sma[16]_maxPos numeric
@attribute audSpec_Rfilt_sma[16]_minPos numeric
@attribute audSpec_Rfilt_sma[16]_quartile1 numeric
@attribute audSpec_Rfilt_sma[16]_quartile2 numeric
@attribute audSpec_Rfilt_sma[16]_quartile3 numeric
@attribute audSpec_Rfilt_sma[16]_iqr1-2 numeric
@attribute audSpec_Rfilt_sma[16]_iqr2-3 numeric
@attribute audSpec_Rfilt_sma[16]_iqr1-3 numeric
@attribute audSpec_Rfilt_sma[16]_percentile1.0 numeric
@attribute audSpec_Rfilt_sma[16]_percentile99.0 numeric
@attribute audSpec_Rfilt_sma[16]_pctlrange0-1 numeric
@attribute audSpec_Rfilt_sma[16]_stddev numeric
@attribute audSpec_Rfilt_sma[16]_skewness numeric
@attribute audSpec_Rfilt_sma[16]_kurtosis numeric
@attribute audSpec_Rfilt_sma[16]_meanSegLen numeric
@attribute audSpec_Rfilt_sma[16]_maxSegLen numeric
@attribute audSpec_Rfilt_sma[16]_minSegLen numeric
@attribute audSpec_Rfilt_sma[16]_segLenStddev numeric
@attribute audSpec_Rfilt_sma[16]_upleveltime25 numeric
@attribute audSpec_Rfilt_sma[16]_upleveltime50 numeric
@attribute audSpec_Rfilt_sma[16]_upleveltime75 numeric
@attribute audSpec_Rfilt_sma[16]_upleveltime90 numeric
@attribute audSpec_Rfilt_sma[16]_risetime numeric
@attribute audSpec_Rfilt_sma[16]_leftctime numeric
@attribute audSpec_Rfilt_sma[16]_lpgain numeric
@attribute audSpec_Rfilt_sma[16]_lpc0 numeric
@attribute audSpec_Rfilt_sma[16]_lpc1 numeric
@attribute audSpec_Rfilt_sma[16]_lpc2 numeric
@attribute audSpec_Rfilt_sma[16]_lpc3 numeric
@attribute audSpec_Rfilt_sma[16]_lpc4 numeric
@attribute audSpec_Rfilt_sma[17]_range numeric
@attribute audSpec_Rfilt_sma[17]_maxPos numeric
@attribute audSpec_Rfilt_sma[17]_minPos numeric
@attribute audSpec_Rfilt_sma[17]_quartile1 numeric
@attribute audSpec_Rfilt_sma[17]_quartile2 numeric
@attribute audSpec_Rfilt_sma[17]_quartile3 numeric
@attribute audSpec_Rfilt_sma[17]_iqr1-2 numeric
@attribute audSpec_Rfilt_sma[17]_iqr2-3 numeric
@attribute audSpec_Rfilt_sma[17]_iqr1-3 numeric
@attribute audSpec_Rfilt_sma[17]_percentile1.0 numeric
@attribute audSpec_Rfilt_sma[17]_percentile99.0 numeric
@attribute audSpec_Rfilt_sma[17]_pctlrange0-1 numeric
@attribute audSpec_Rfilt_sma[17]_stddev numeric
@attribute audSpec_Rfilt_sma[17]_skewness numeric
@attribute audSpec_Rfilt_sma[17]_kurtosis numeric
@attribute audSpec_Rfilt_sma[17]_meanSegLen numeric
@attribute audSpec_Rfilt_sma[17]_maxSegLen numeric
@attribute audSpec_Rfilt_sma[17]_minSegLen numeric
@attribute audSpec_Rfilt_sma[17]_segLenStddev numeric
@attribute audSpec_Rfilt_sma[17]_upleveltime25 numeric
@attribute audSpec_Rfilt_sma[17]_upleveltime50 numeric
@attribute audSpec_Rfilt_sma[17]_upleveltime75 numeric
@attribute audSpec_Rfilt_sma[17]_upleveltime90 numeric
@attribute audSpec_Rfilt_sma[17]_risetime numeric
@attribute audSpec_Rfilt_sma[17]_leftctime numeric
@attribute audSpec_Rfilt_sma[17]_lpgain numeric
@attribute audSpec_Rfilt_sma[17]_lpc0 numeric
@attribute audSpec_Rfilt_sma[17]_lpc1 numeric
@attribute audSpec_Rfilt_sma[17]_lpc2 numeric
@attribute audSpec_Rfilt_sma[17]_lpc3 numeric
@attribute audSpec_Rfilt_sma[17]_lpc4 numeric
@attribute audSpec_Rfilt_sma[18]_range numeric
@attribute audSpec_Rfilt_sma[18]_maxPos numeric
@attribute audSpec_Rfilt_sma[18]_minPos numeric
@attribute audSpec_Rfilt_sma[18]_quartile1 numeric
@attribute audSpec_Rfilt_sma[18]_quartile2 numeric
@attribute audSpec_Rfilt_sma[18]_quartile3 numeric
@attribute audSpec_Rfilt_sma[18]_iqr1-2 numeric
@attribute audSpec_Rfilt_sma[18]_iqr2-3 numeric
@attribute audSpec_Rfilt_sma[18]_iqr1-3 numeric
@attribute audSpec_Rfilt_sma[18]_percentile1.0 numeric
@attribute audSpec_Rfilt_sma[18]_percentile99.0 numeric
@attribute audSpec_Rfilt_sma[18]_pctlrange0-1 numeric
@attribute audSpec_Rfilt_sma[18]_stddev numeric
@attribute audSpec_Rfilt_sma[18]_skewness numeric
@attribute audSpec_Rfilt_sma[18]_kurtosis numeric
@attribute audSpec_Rfilt_sma[18]_meanSegLen numeric
@attribute audSpec_Rfilt_sma[18]_maxSegLen numeric
@attribute audSpec_Rfilt_sma[18]_minSegLen numeric
@attribute audSpec_Rfilt_sma[18]_segLenStddev numeric
@attribute audSpec_Rfilt_sma[18]_upleveltime25 numeric
@attribute audSpec_Rfilt_sma[18]_upleveltime50 numeric
@attribute audSpec_Rfilt_sma[18]_upleveltime75 numeric
@attribute audSpec_Rfilt_sma[18]_upleveltime90 numeric
@attribute audSpec_Rfilt_sma[18]_risetime numeric
@attribute audSpec_Rfilt_sma[18]_leftctime numeric
@attribute audSpec_Rfilt_sma[18]_lpgain numeric
@attribute audSpec_Rfilt_sma[18]_lpc0 numeric
@attribute audSpec_Rfilt_sma[18]_lpc1 numeric
@attribute audSpec_Rfilt_sma[18]_lpc2 numeric
@attribute audSpec_Rfilt_sma[18]_lpc3 numeric
@attribute audSpec_Rfilt_sma[18]_lpc4 numeric
@attribute audSpec_Rfilt_sma[19]_range numeric
@attribute audSpec_Rfilt_sma[19]_maxPos numeric
@attribute audSpec_Rfilt_sma[19]_minPos numeric
@attribute audSpec_Rfilt_sma[19]_quartile1 numeric
@attribute audSpec_Rfilt_sma[19]_quartile2 numeric
@attribute audSpec_Rfilt_sma[19]_quartile3 numeric
@attribute audSpec_Rfilt_sma[19]_iqr1-2 numeric
@attribute audSpec_Rfilt_sma[19]_iqr2-3 numeric
@attribute audSpec_Rfilt_sma[19]_iqr1-3 numeric
@attribute audSpec_Rfilt_sma[19]_percentile1.0 numeric
@attribute audSpec_Rfilt_sma[19]_percentile99.0 numeric
@attribute audSpec_Rfilt_sma[19]_pctlrange0-1 numeric
@attribute audSpec_Rfilt_sma[19]_stddev numeric
@attribute audSpec_Rfilt_sma[19]_skewness numeric
@attribute audSpec_Rfilt_sma[19]_kurtosis numeric
@attribute audSpec_Rfilt_sma[19]_meanSegLen numeric
@attribute audSpec_Rfilt_sma[19]_maxSegLen numeric
@attribute audSpec_Rfilt_sma[19]_minSegLen numeric
@attribute audSpec_Rfilt_sma[19]_segLenStddev numeric
@attribute audSpec_Rfilt_sma[19]_upleveltime25 numeric
@attribute audSpec_Rfilt_sma[19]_upleveltime50 numeric
@attribute audSpec_Rfilt_sma[19]_upleveltime75 numeric
@attribute audSpec_Rfilt_sma[19]_upleveltime90 numeric
@attribute audSpec_Rfilt_sma[19]_risetime numeric
@attribute audSpec_Rfilt_sma[19]_leftctime numeric
@attribute audSpec_Rfilt_sma[19]_lpgain numeric
@attribute audSpec_Rfilt_sma[19]_lpc0 numeric
@attribute audSpec_Rfilt_sma[19]_lpc1 numeric
@attribute audSpec_Rfilt_sma[19]_lpc2 numeric
@attribute audSpec_Rfilt_sma[19]_lpc3 numeric
@attribute audSpec_Rfilt_sma[19]_lpc4 numeric
@attribute audSpec_Rfilt_sma[20]_range numeric
@attribute audSpec_Rfilt_sma[20]_maxPos numeric
@attribute audSpec_Rfilt_sma[20]_minPos numeric
@attribute audSpec_Rfilt_sma[20]_quartile1 numeric
@attribute audSpec_Rfilt_sma[20]_quartile2 numeric
@attribute audSpec_Rfilt_sma[20]_quartile3 numeric
@attribute audSpec_Rfilt_sma[20]_iqr1-2 numeric
@attribute audSpec_Rfilt_sma[20]_iqr2-3 numeric
@attribute audSpec_Rfilt_sma[20]_iqr1-3 numeric
@attribute audSpec_Rfilt_sma[20]_percentile1.0 numeric
@attribute audSpec_Rfilt_sma[20]_percentile99.0 numeric
@attribute audSpec_Rfilt_sma[20]_pctlrange0-1 numeric
@attribute audSpec_Rfilt_sma[20]_stddev numeric
@attribute audSpec_Rfilt_sma[20]_skewness numeric
@attribute audSpec_Rfilt_sma[20]_kurtosis numeric
@attribute audSpec_Rfilt_sma[20]_meanSegLen numeric
@attribute audSpec_Rfilt_sma[20]_maxSegLen numeric
@attribute audSpec_Rfilt_sma[20]_minSegLen numeric
@attribute audSpec_Rfilt_sma[20]_segLenStddev numeric
@attribute audSpec_Rfilt_sma[20]_upleveltime25 numeric
@attribute audSpec_Rfilt_sma[20]_upleveltime50 numeric
@attribute audSpec_Rfilt_sma[20]_upleveltime75 numeric
@attribute audSpec_Rfilt_sma[20]_upleveltime90 numeric
@attribute audSpec_Rfilt_sma[20]_risetime numeric
@attribute audSpec_Rfilt_sma[20]_leftctime numeric
@attribute audSpec_Rfilt_sma[20]_lpgain numeric
@attribute audSpec_Rfilt_sma[20]_lpc0 numeric
@attribute audSpec_Rfilt_sma[20]_lpc1 numeric
@attribute audSpec_Rfilt_sma[20]_lpc2 numeric
@attribute audSpec_Rfilt_sma[20]_lpc3 numeric
@attribute audSpec_Rfilt_sma[20]_lpc4 numeric
@attribute audSpec_Rfilt_sma[21]_range numeric
@attribute audSpec_Rfilt_sma[21]_maxPos numeric
@attribute audSpec_Rfilt_sma[21]_minPos numeric
@attribute audSpec_Rfilt_sma[21]_quartile1 numeric
@attribute audSpec_Rfilt_sma[21]_quartile2 numeric
@attribute audSpec_Rfilt_sma[21]_quartile3 numeric
@attribute audSpec_Rfilt_sma[21]_iqr1-2 numeric
@attribute audSpec_Rfilt_sma[21]_iqr2-3 numeric
@attribute audSpec_Rfilt_sma[21]_iqr1-3 numeric
@attribute audSpec_Rfilt_sma[21]_percentile1.0 numeric
@attribute audSpec_Rfilt_sma[21]_percentile99.0 numeric
@attribute audSpec_Rfilt_sma[21]_pctlrange0-1 numeric
@attribute audSpec_Rfilt_sma[21]_stddev numeric
@attribute audSpec_Rfilt_sma[21]_skewness numeric
@attribute audSpec_Rfilt_sma[21]_kurtosis numeric
@attribute audSpec_Rfilt_sma[21]_meanSegLen numeric
@attribute audSpec_Rfilt_sma[21]_maxSegLen numeric
@attribute audSpec_Rfilt_sma[21]_minSegLen numeric
@attribute audSpec_Rfilt_sma[21]_segLenStddev numeric
@attribute audSpec_Rfilt_sma[21]_upleveltime25 numeric
@attribute audSpec_Rfilt_sma[21]_upleveltime50 numeric
@attribute audSpec_Rfilt_sma[21]_upleveltime75 numeric
@attribute audSpec_Rfilt_sma[21]_upleveltime90 numeric
@attribute audSpec_Rfilt_sma[21]_risetime numeric
@attribute audSpec_Rfilt_sma[21]_leftctime numeric
@attribute audSpec_Rfilt_sma[21]_lpgain numeric
@attribute audSpec_Rfilt_sma[21]_lpc0 numeric
@attribute audSpec_Rfilt_sma[21]_lpc1 numeric
@attribute audSpec_Rfilt_sma[21]_lpc2 numeric
@attribute audSpec_Rfilt_sma[21]_lpc3 numeric
@attribute audSpec_Rfilt_sma[21]_lpc4 numeric
@attribute audSpec_Rfilt_sma[22]_range numeric
@attribute audSpec_Rfilt_sma[22]_maxPos numeric
@attribute audSpec_Rfilt_sma[22]_minPos numeric
@attribute audSpec_Rfilt_sma[22]_quartile1 numeric
@attribute audSpec_Rfilt_sma[22]_quartile2 numeric
@attribute audSpec_Rfilt_sma[22]_quartile3 numeric
@attribute audSpec_Rfilt_sma[22]_iqr1-2 numeric
@attribute audSpec_Rfilt_sma[22]_iqr2-3 numeric
@attribute audSpec_Rfilt_sma[22]_iqr1-3 numeric
@attribute audSpec_Rfilt_sma[22]_percentile1.0 numeric
@attribute audSpec_Rfilt_sma[22]_percentile99.0 numeric
@attribute audSpec_Rfilt_sma[22]_pctlrange0-1 numeric
@attribute audSpec_Rfilt_sma[22]_stddev numeric
@attribute audSpec_Rfilt_sma[22]_skewness numeric
@attribute audSpec_Rfilt_sma[22]_kurtosis numeric
@attribute audSpec_Rfilt_sma[22]_meanSegLen numeric
@attribute audSpec_Rfilt_sma[22]_maxSegLen numeric
@attribute audSpec_Rfilt_sma[22]_minSegLen numeric
@attribute audSpec_Rfilt_sma[22]_segLenStddev numeric
@attribute audSpec_Rfilt_sma[22]_upleveltime25 numeric
@attribute audSpec_Rfilt_sma[22]_upleveltime50 numeric
@attribute audSpec_Rfilt_sma[22]_upleveltime75 numeric
@attribute audSpec_Rfilt_sma[22]_upleveltime90 numeric
@attribute audSpec_Rfilt_sma[22]_risetime numeric
@attribute audSpec_Rfilt_sma[22]_leftctime numeric
@attribute audSpec_Rfilt_sma[22]_lpgain numeric
@attribute audSpec_Rfilt_sma[22]_lpc0 numeric
@attribute audSpec_Rfilt_sma[22]_lpc1 numeric
@attribute audSpec_Rfilt_sma[22]_lpc2 numeric
@attribute audSpec_Rfilt_sma[22]_lpc3 numeric
@attribute audSpec_Rfilt_sma[22]_lpc4 numeric
@attribute audSpec_Rfilt_sma[23]_range numeric
@attribute audSpec_Rfilt_sma[23]_maxPos numeric
@attribute audSpec_Rfilt_sma[23]_minPos numeric
@attribute audSpec_Rfilt_sma[23]_quartile1 numeric
@attribute audSpec_Rfilt_sma[23]_quartile2 numeric
@attribute audSpec_Rfilt_sma[23]_quartile3 numeric
@attribute audSpec_Rfilt_sma[23]_iqr1-2 numeric
@attribute audSpec_Rfilt_sma[23]_iqr2-3 numeric
@attribute audSpec_Rfilt_sma[23]_iqr1-3 numeric
@attribute audSpec_Rfilt_sma[23]_percentile1.0 numeric
@attribute audSpec_Rfilt_sma[23]_percentile99.0 numeric
@attribute audSpec_Rfilt_sma[23]_pctlrange0-1 numeric
@attribute audSpec_Rfilt_sma[23]_stddev numeric
@attribute audSpec_Rfilt_sma[23]_skewness numeric
@attribute audSpec_Rfilt_sma[23]_kurtosis numeric
@attribute audSpec_Rfilt_sma[23]_meanSegLen numeric
@attribute audSpec_Rfilt_sma[23]_maxSegLen numeric
@attribute audSpec_Rfilt_sma[23]_minSegLen numeric
@attribute audSpec_Rfilt_sma[23]_segLenStddev numeric
@attribute audSpec_Rfilt_sma[23]_upleveltime25 numeric
@attribute audSpec_Rfilt_sma[23]_upleveltime50 numeric
@attribute audSpec_Rfilt_sma[23]_upleveltime75 numeric
@attribute audSpec_Rfilt_sma[23]_upleveltime90 numeric
@attribute audSpec_Rfilt_sma[23]_risetime numeric
@attribute audSpec_Rfilt_sma[23]_leftctime numeric
@attribute audSpec_Rfilt_sma[23]_lpgain numeric
@attribute audSpec_Rfilt_sma[23]_lpc0 numeric
@attribute audSpec_Rfilt_sma[23]_lpc1 numeric
@attribute audSpec_Rfilt_sma[23]_lpc2 numeric
@attribute audSpec_Rfilt_sma[23]_lpc3 numeric
@attribute audSpec_Rfilt_sma[23]_lpc4 numeric
@attribute audSpec_Rfilt_sma[24]_range numeric
@attribute audSpec_Rfilt_sma[24]_maxPos numeric
@attribute audSpec_Rfilt_sma[24]_minPos numeric
@attribute audSpec_Rfilt_sma[24]_quartile1 numeric
@attribute audSpec_Rfilt_sma[24]_quartile2 numeric
@attribute audSpec_Rfilt_sma[24]_quartile3 numeric
@attribute audSpec_Rfilt_sma[24]_iqr1-2 numeric
@attribute audSpec_Rfilt_sma[24]_iqr2-3 numeric
@attribute audSpec_Rfilt_sma[24]_iqr1-3 numeric
@attribute audSpec_Rfilt_sma[24]_percentile1.0 numeric
@attribute audSpec_Rfilt_sma[24]_percentile99.0 numeric
@attribute audSpec_Rfilt_sma[24]_pctlrange0-1 numeric
@attribute audSpec_Rfilt_sma[24]_stddev numeric
@attribute audSpec_Rfilt_sma[24]_skewness numeric
@attribute audSpec_Rfilt_sma[24]_kurtosis numeric
@attribute audSpec_Rfilt_sma[24]_meanSegLen numeric
@attribute audSpec_Rfilt_sma[24]_maxSegLen numeric
@attribute audSpec_Rfilt_sma[24]_minSegLen numeric
@attribute audSpec_Rfilt_sma[24]_segLenStddev numeric
@attribute audSpec_Rfilt_sma[24]_upleveltime25 numeric
@attribute audSpec_Rfilt_sma[24]_upleveltime50 numeric
@attribute audSpec_Rfilt_sma[24]_upleveltime75 numeric
@attribute audSpec_Rfilt_sma[24]_upleveltime90 numeric
@attribute audSpec_Rfilt_sma[24]_risetime numeric
@attribute audSpec_Rfilt_sma[24]_leftctime numeric
@attribute audSpec_Rfilt_sma[24]_lpgain numeric
@attribute audSpec_Rfilt_sma[24]_lpc0 numeric
@attribute audSpec_Rfilt_sma[24]_lpc1 numeric
@attribute audSpec_Rfilt_sma[24]_lpc2 numeric
@attribute audSpec_Rfilt_sma[24]_lpc3 numeric
@attribute audSpec_Rfilt_sma[24]_lpc4 numeric
@attribute audSpec_Rfilt_sma[25]_range numeric
@attribute audSpec_Rfilt_sma[25]_maxPos numeric
@attribute audSpec_Rfilt_sma[25]_minPos numeric
@attribute audSpec_Rfilt_sma[25]_quartile1 numeric
@attribute audSpec_Rfilt_sma[25]_quartile2 numeric
@attribute audSpec_Rfilt_sma[25]_quartile3 numeric
@attribute audSpec_Rfilt_sma[25]_iqr1-2 numeric
@attribute audSpec_Rfilt_sma[25]_iqr2-3 numeric
@attribute audSpec_Rfilt_sma[25]_iqr1-3 numeric
@attribute audSpec_Rfilt_sma[25]_percentile1.0 numeric
@attribute audSpec_Rfilt_sma[25]_percentile99.0 numeric
@attribute audSpec_Rfilt_sma[25]_pctlrange0-1 numeric
@attribute audSpec_Rfilt_sma[25]_stddev numeric
@attribute audSpec_Rfilt_sma[25]_skewness numeric
@attribute audSpec_Rfilt_sma[25]_kurtosis numeric
@attribute audSpec_Rfilt_sma[25]_meanSegLen numeric
@attribute audSpec_Rfilt_sma[25]_maxSegLen numeric
@attribute audSpec_Rfilt_sma[25]_minSegLen numeric
@attribute audSpec_Rfilt_sma[25]_segLenStddev numeric
@attribute audSpec_Rfilt_sma[25]_upleveltime25 numeric
@attribute audSpec_Rfilt_sma[25]_upleveltime50 numeric
@attribute audSpec_Rfilt_sma[25]_upleveltime75 numeric
@attribute audSpec_Rfilt_sma[25]_upleveltime90 numeric
@attribute audSpec_Rfilt_sma[25]_risetime numeric
@attribute audSpec_Rfilt_sma[25]_leftctime numeric
@attribute audSpec_Rfilt_sma[25]_lpgain numeric
@attribute audSpec_Rfilt_sma[25]_lpc0 numeric
@attribute audSpec_Rfilt_sma[25]_lpc1 numeric
@attribute audSpec_Rfilt_sma[25]_lpc2 numeric
@attribute audSpec_Rfilt_sma[25]_lpc3 numeric
@attribute audSpec_Rfilt_sma[25]_lpc4 numeric
@attribute pcm_fftMag_fband250-650_sma_range numeric
@attribute pcm_fftMag_fband250-650_sma_maxPos numeric
@attribute pcm_fftMag_fband250-650_sma_minPos numeric
@attribute pcm_fftMag_fband250-650_sma_quartile1 numeric
@attribute pcm_fftMag_fband250-650_sma_quartile2 numeric
@attribute pcm_fftMag_fband250-650_sma_quartile3 numeric
@attribute pcm_fftMag_fband250-650_sma_iqr1-2 numeric
@attribute pcm_fftMag_fband250-650_sma_iqr2-3 numeric
@attribute pcm_fftMag_fband250-650_sma_iqr1-3 numeric
@attribute pcm_fftMag_fband250-650_sma_percentile1.0 numeric
@attribute pcm_fftMag_fband250-650_sma_percentile99.0 numeric
@attribute pcm_fftMag_fband250-650_sma_pctlrange0-1 numeric
@attribute pcm_fftMag_fband250-650_sma_stddev numeric
@attribute pcm_fftMag_fband250-650_sma_skewness numeric
@attribute pcm_fftMag_fband250-650_sma_kurtosis numeric
@attribute pcm_fftMag_fband250-650_sma_meanSegLen numeric
@attribute pcm_fftMag_fband250-650_sma_maxSegLen numeric
@attribute pcm_fftMag_fband250-650_sma_minSegLen numeric
@attribute pcm_fftMag_fband250-650_sma_segLenStddev numeric
@attribute pcm_fftMag_fband250-650_sma_upleveltime25 numeric
@attribute pcm_fftMag_fband250-650_sma_upleveltime50 numeric
@attribute pcm_fftMag_fband250-650_sma_upleveltime75 numeric
@attribute pcm_fftMag_fband250-650_sma_upleveltime90 numeric
@attribute pcm_fftMag_fband250-650_sma_risetime numeric
@attribute pcm_fftMag_fband250-650_sma_leftctime numeric
@attribute pcm_fftMag_fband250-650_sma_lpgain numeric
@attribute pcm_fftMag_fband250-650_sma_lpc0 numeric
@attribute pcm_fftMag_fband250-650_sma_lpc1 numeric
@attribute pcm_fftMag_fband250-650_sma_lpc2 numeric
@attribute pcm_fftMag_fband250-650_sma_lpc3 numeric
@attribute pcm_fftMag_fband250-650_sma_lpc4 numeric
@attribute pcm_fftMag_fband1000-4000_sma_range numeric
@attribute pcm_fftMag_fband1000-4000_sma_maxPos numeric
@attribute pcm_fftMag_fband1000-4000_sma_minPos numeric
@attribute pcm_fftMag_fband1000-4000_sma_quartile1 numeric
@attribute pcm_fftMag_fband1000-4000_sma_quartile2 numeric
@attribute pcm_fftMag_fband1000-4000_sma_quartile3 numeric
@attribute pcm_fftMag_fband1000-4000_sma_iqr1-2 numeric
@attribute pcm_fftMag_fband1000-4000_sma_iqr2-3 numeric
@attribute pcm_fftMag_fband1000-4000_sma_iqr1-3 numeric
@attribute pcm_fftMag_fband1000-4000_sma_percentile1.0 numeric
@attribute pcm_fftMag_fband1000-4000_sma_percentile99.0 numeric
@attribute pcm_fftMag_fband1000-4000_sma_pctlrange0-1 numeric
@attribute pcm_fftMag_fband1000-4000_sma_stddev numeric
@attribute pcm_fftMag_fband1000-4000_sma_skewness numeric
@attribute pcm_fftMag_fband1000-4000_sma_kurtosis numeric
@attribute pcm_fftMag_fband1000-4000_sma_meanSegLen numeric
@attribute pcm_fftMag_fband1000-4000_sma_maxSegLen numeric
@attribute pcm_fftMag_fband1000-4000_sma_minSegLen numeric
@attribute pcm_fftMag_fband1000-4000_sma_segLenStddev numeric
@attribute pcm_fftMag_fband1000-4000_sma_upleveltime25 numeric
@attribute pcm_fftMag_fband1000-4000_sma_upleveltime50 numeric
@attribute pcm_fftMag_fband1000-4000_sma_upleveltime75 numeric
@attribute pcm_fftMag_fband1000-4000_sma_upleveltime90 numeric
@attribute pcm_fftMag_fband1000-4000_sma_risetime numeric
@attribute pcm_fftMag_fband1000-4000_sma_leftctime numeric
@attribute pcm_fftMag_fband1000-4000_sma_lpgain numeric
@attribute pcm_fftMag_fband1000-4000_sma_lpc0 numeric
@attribute pcm_fftMag_fband1000-4000_sma_lpc1 numeric
@attribute pcm_fftMag_fband1000-4000_sma_lpc2 numeric
@attribute pcm_fftMag_fband1000-4000_sma_lpc3 numeric
@attribute pcm_fftMag_fband1000-4000_sma_lpc4 numeric
@attribute pcm_fftMag_spectralRollOff25.0_sma_range numeric
@attribute pcm_fftMag_spectralRollOff25.0_sma_maxPos numeric
@attribute pcm_fftMag_spectralRollOff25.0_sma_minPos numeric
@attribute pcm_fftMag_spectralRollOff25.0_sma_quartile1 numeric
@attribute pcm_fftMag_spectralRollOff25.0_sma_quartile2 numeric
@attribute pcm_fftMag_spectralRollOff25.0_sma_quartile3 numeric
@attribute pcm_fftMag_spectralRollOff25.0_sma_iqr1-2 numeric
@attribute pcm_fftMag_spectralRollOff25.0_sma_iqr2-3 numeric
@attribute pcm_fftMag_spectralRollOff25.0_sma_iqr1-3 numeric
@attribute pcm_fftMag_spectralRollOff25.0_sma_percentile1.0 numeric
@attribute pcm_fftMag_spectralRollOff25.0_sma_percentile99.0 numeric
@attribute pcm_fftMag_spectralRollOff25.0_sma_pctlrange0-1 numeric
@attribute pcm_fftMag_spectralRollOff25.0_sma_stddev numeric
@attribute pcm_fftMag_spectralRollOff25.0_sma_skewness numeric
@attribute pcm_fftMag_spectralRollOff25.0_sma_kurtosis numeric
@attribute pcm_fftMag_spectralRollOff25.0_sma_meanSegLen numeric
@attribute pcm_fftMag_spectralRollOff25.0_sma_maxSegLen numeric
@attribute pcm_fftMag_spectralRollOff25.0_sma_minSegLen numeric
@attribute pcm_fftMag_spectralRollOff25.0_sma_segLenStddev numeric
@attribute pcm_fftMag_spectralRollOff25.0_sma_upleveltime25 numeric
@attribute pcm_fftMag_spectralRollOff25.0_sma_upleveltime50 numeric
@attribute pcm_fftMag_spectralRollOff25.0_sma_upleveltime75 numeric
@attribute pcm_fftMag_spectralRollOff25.0_sma_upleveltime90 numeric
@attribute pcm_fftMag_spectralRollOff25.0_sma_risetime numeric
@attribute pcm_fftMag_spectralRollOff25.0_sma_leftctime numeric
@attribute pcm_fftMag_spectralRollOff25.0_sma_lpgain numeric
@attribute pcm_fftMag_spectralRollOff25.0_sma_lpc0 numeric
@attribute pcm_fftMag_spectralRollOff25.0_sma_lpc1 numeric
@attribute pcm_fftMag_spectralRollOff25.0_sma_lpc2 numeric
@attribute pcm_fftMag_spectralRollOff25.0_sma_lpc3 numeric
@attribute pcm_fftMag_spectralRollOff25.0_sma_lpc4 numeric
@attribute pcm_fftMag_spectralRollOff50.0_sma_range numeric
@attribute pcm_fftMag_spectralRollOff50.0_sma_maxPos numeric
@attribute pcm_fftMag_spectralRollOff50.0_sma_minPos numeric
@attribute pcm_fftMag_spectralRollOff50.0_sma_quartile1 numeric
@attribute pcm_fftMag_spectralRollOff50.0_sma_quartile2 numeric
@attribute pcm_fftMag_spectralRollOff50.0_sma_quartile3 numeric
@attribute pcm_fftMag_spectralRollOff50.0_sma_iqr1-2 numeric
@attribute pcm_fftMag_spectralRollOff50.0_sma_iqr2-3 numeric
@attribute pcm_fftMag_spectralRollOff50.0_sma_iqr1-3 numeric
@attribute pcm_fftMag_spectralRollOff50.0_sma_percentile1.0 numeric
@attribute pcm_fftMag_spectralRollOff50.0_sma_percentile99.0 numeric
@attribute pcm_fftMag_spectralRollOff50.0_sma_pctlrange0-1 numeric
@attribute pcm_fftMag_spectralRollOff50.0_sma_stddev numeric
@attribute pcm_fftMag_spectralRollOff50.0_sma_skewness numeric
@attribute pcm_fftMag_spectralRollOff50.0_sma_kurtosis numeric
@attribute pcm_fftMag_spectralRollOff50.0_sma_meanSegLen numeric
@attribute pcm_fftMag_spectralRollOff50.0_sma_maxSegLen numeric
@attribute pcm_fftMag_spectralRollOff50.0_sma_minSegLen numeric
@attribute pcm_fftMag_spectralRollOff50.0_sma_segLenStddev numeric
@attribute pcm_fftMag_spectralRollOff50.0_sma_upleveltime25 numeric
@attribute pcm_fftMag_spectralRollOff50.0_sma_upleveltime50 numeric
@attribute pcm_fftMag_spectralRollOff50.0_sma_upleveltime75 numeric
@attribute pcm_fftMag_spectralRollOff50.0_sma_upleveltime90 numeric
@attribute pcm_fftMag_spectralRollOff50.0_sma_risetime numeric
@attribute pcm_fftMag_spectralRollOff50.0_sma_leftctime numeric
@attribute pcm_fftMag_spectralRollOff50.0_sma_lpgain numeric
@attribute pcm_fftMag_spectralRollOff50.0_sma_lpc0 numeric
@attribute pcm_fftMag_spectralRollOff50.0_sma_lpc1 numeric
@attribute pcm_fftMag_spectralRollOff50.0_sma_lpc2 numeric
@attribute pcm_fftMag_spectralRollOff50.0_sma_lpc3 numeric
@attribute pcm_fftMag_spectralRollOff50.0_sma_lpc4 numeric
@attribute pcm_fftMag_spectralRollOff75.0_sma_range numeric
@attribute pcm_fftMag_spectralRollOff75.0_sma_maxPos numeric
@attribute pcm_fftMag_spectralRollOff75.0_sma_minPos numeric
@attribute pcm_fftMag_spectralRollOff75.0_sma_quartile1 numeric
@attribute pcm_fftMag_spectralRollOff75.0_sma_quartile2 numeric
@attribute pcm_fftMag_spectralRollOff75.0_sma_quartile3 numeric
@attribute pcm_fftMag_spectralRollOff75.0_sma_iqr1-2 numeric
@attribute pcm_fftMag_spectralRollOff75.0_sma_iqr2-3 numeric
@attribute pcm_fftMag_spectralRollOff75.0_sma_iqr1-3 numeric
@attribute pcm_fftMag_spectralRollOff75.0_sma_percentile1.0 numeric
@attribute pcm_fftMag_spectralRollOff75.0_sma_percentile99.0 numeric
@attribute pcm_fftMag_spectralRollOff75.0_sma_pctlrange0-1 numeric
@attribute pcm_fftMag_spectralRollOff75.0_sma_stddev numeric
@attribute pcm_fftMag_spectralRollOff75.0_sma_skewness numeric
@attribute pcm_fftMag_spectralRollOff75.0_sma_kurtosis numeric
@attribute pcm_fftMag_spectralRollOff75.0_sma_meanSegLen numeric
@attribute pcm_fftMag_spectralRollOff75.0_sma_maxSegLen numeric
@attribute pcm_fftMag_spectralRollOff75.0_sma_minSegLen numeric
@attribute pcm_fftMag_spectralRollOff75.0_sma_segLenStddev numeric
@attribute pcm_fftMag_spectralRollOff75.0_sma_upleveltime25 numeric
@attribute pcm_fftMag_spectralRollOff75.0_sma_upleveltime50 numeric
@attribute pcm_fftMag_spectralRollOff75.0_sma_upleveltime75 numeric
@attribute pcm_fftMag_spectralRollOff75.0_sma_upleveltime90 numeric
@attribute pcm_fftMag_spectralRollOff75.0_sma_risetime numeric
@attribute pcm_fftMag_spectralRollOff75.0_sma_leftctime numeric
@attribute pcm_fftMag_spectralRollOff75.0_sma_lpgain numeric
@attribute pcm_fftMag_spectralRollOff75.0_sma_lpc0 numeric
@attribute pcm_fftMag_spectralRollOff75.0_sma_lpc1 numeric
@attribute pcm_fftMag_spectralRollOff75.0_sma_lpc2 numeric
@attribute pcm_fftMag_spectralRollOff75.0_sma_lpc3 numeric
@attribute pcm_fftMag_spectralRollOff75.0_sma_lpc4 numeric
@attribute pcm_fftMag_spectralRollOff90.0_sma_range numeric
@attribute pcm_fftMag_spectralRollOff90.0_sma_maxPos numeric
@attribute pcm_fftMag_spectralRollOff90.0_sma_minPos numeric
@attribute pcm_fftMag_spectralRollOff90.0_sma_quartile1 numeric
@attribute pcm_fftMag_spectralRollOff90.0_sma_quartile2 numeric
@attribute pcm_fftMag_spectralRollOff90.0_sma_quartile3 numeric
@attribute pcm_fftMag_spectralRollOff90.0_sma_iqr1-2 numeric
@attribute pcm_fftMag_spectralRollOff90.0_sma_iqr2-3 numeric
@attribute pcm_fftMag_spectralRollOff90.0_sma_iqr1-3 numeric
@attribute pcm_fftMag_spectralRollOff90.0_sma_percentile1.0 numeric
@attribute pcm_fftMag_spectralRollOff90.0_sma_percentile99.0 numeric
@attribute pcm_fftMag_spectralRollOff90.0_sma_pctlrange0-1 numeric
@attribute pcm_fftMag_spectralRollOff90.0_sma_stddev numeric
@attribute pcm_fftMag_spectralRollOff90.0_sma_skewness numeric
@attribute pcm_fftMag_spectralRollOff90.0_sma_kurtosis numeric
@attribute pcm_fftMag_spectralRollOff90.0_sma_meanSegLen numeric
@attribute pcm_fftMag_spectralRollOff90.0_sma_maxSegLen numeric
@attribute pcm_fftMag_spectralRollOff90.0_sma_minSegLen numeric
@attribute pcm_fftMag_spectralRollOff90.0_sma_segLenStddev numeric
@attribute pcm_fftMag_spectralRollOff90.0_sma_upleveltime25 numeric
@attribute pcm_fftMag_spectralRollOff90.0_sma_upleveltime50 numeric
@attribute pcm_fftMag_spectralRollOff90.0_sma_upleveltime75 numeric
@attribute pcm_fftMag_spectralRollOff90.0_sma_upleveltime90 numeric
@attribute pcm_fftMag_spectralRollOff90.0_sma_risetime numeric
@attribute pcm_fftMag_spectralRollOff90.0_sma_leftctime numeric
@attribute pcm_fftMag_spectralRollOff90.0_sma_lpgain numeric
@attribute pcm_fftMag_spectralRollOff90.0_sma_lpc0 numeric
@attribute pcm_fftMag_spectralRollOff90.0_sma_lpc1 numeric
@attribute pcm_fftMag_spectralRollOff90.0_sma_lpc2 numeric
@attribute pcm_fftMag_spectralRollOff90.0_sma_lpc3 numeric
@attribute pcm_fftMag_spectralRollOff90.0_sma_lpc4 numeric
@attribute pcm_fftMag_spectralFlux_sma_range numeric
@attribute pcm_fftMag_spectralFlux_sma_maxPos numeric
@attribute pcm_fftMag_spectralFlux_sma_minPos numeric
@attribute pcm_fftMag_spectralFlux_sma_quartile1 numeric
@attribute pcm_fftMag_spectralFlux_sma_quartile2 numeric
@attribute pcm_fftMag_spectralFlux_sma_quartile3 numeric
@attribute pcm_fftMag_spectralFlux_sma_iqr1-2 numeric
@attribute pcm_fftMag_spectralFlux_sma_iqr2-3 numeric
@attribute pcm_fftMag_spectralFlux_sma_iqr1-3 numeric
@attribute pcm_fftMag_spectralFlux_sma_percentile1.0 numeric
@attribute pcm_fftMag_spectralFlux_sma_percentile99.0 numeric
@attribute pcm_fftMag_spectralFlux_sma_pctlrange0-1 numeric
@attribute pcm_fftMag_spectralFlux_sma_stddev numeric
@attribute pcm_fftMag_spectralFlux_sma_skewness numeric
@attribute pcm_fftMag_spectralFlux_sma_kurtosis numeric
@attribute pcm_fftMag_spectralFlux_sma_meanSegLen numeric
@attribute pcm_fftMag_spectralFlux_sma_maxSegLen numeric
@attribute pcm_fftMag_spectralFlux_sma_minSegLen numeric
@attribute pcm_fftMag_spectralFlux_sma_segLenStddev numeric
@attribute pcm_fftMag_spectralFlux_sma_upleveltime25 numeric
@attribute pcm_fftMag_spectralFlux_sma_upleveltime50 numeric
@attribute pcm_fftMag_spectralFlux_sma_upleveltime75 numeric
@attribute pcm_fftMag_spectralFlux_sma_upleveltime90 numeric
@attribute pcm_fftMag_spectralFlux_sma_risetime numeric
@attribute pcm_fftMag_spectralFlux_sma_leftctime numeric
@attribute pcm_fftMag_spectralFlux_sma_lpgain numeric
@attribute pcm_fftMag_spectralFlux_sma_lpc0 numeric
@attribute pcm_fftMag_spectralFlux_sma_lpc1 numeric
@attribute pcm_fftMag_spectralFlux_sma_lpc2 numeric
@attribute pcm_fftMag_spectralFlux_sma_lpc3 numeric
@attribute pcm_fftMag_spectralFlux_sma_lpc4 numeric
@attribute pcm_fftMag_spectralCentroid_sma_range numeric
@attribute pcm_fftMag_spectralCentroid_sma_maxPos numeric
@attribute pcm_fftMag_spectralCentroid_sma_minPos numeric
@attribute pcm_fftMag_spectralCentroid_sma_quartile1 numeric
@attribute pcm_fftMag_spectralCentroid_sma_quartile2 numeric
@attribute pcm_fftMag_spectralCentroid_sma_quartile3 numeric
@attribute pcm_fftMag_spectralCentroid_sma_iqr1-2 numeric
@attribute pcm_fftMag_spectralCentroid_sma_iqr2-3 numeric
@attribute pcm_fftMag_spectralCentroid_sma_iqr1-3 numeric
@attribute pcm_fftMag_spectralCentroid_sma_percentile1.0 numeric
@attribute pcm_fftMag_spectralCentroid_sma_percentile99.0 numeric
@attribute pcm_fftMag_spectralCentroid_sma_pctlrange0-1 numeric
@attribute pcm_fftMag_spectralCentroid_sma_stddev numeric
@attribute pcm_fftMag_spectralCentroid_sma_skewness numeric
@attribute pcm_fftMag_spectralCentroid_sma_kurtosis numeric
@attribute pcm_fftMag_spectralCentroid_sma_meanSegLen numeric
@attribute pcm_fftMag_spectralCentroid_sma_maxSegLen numeric
@attribute pcm_fftMag_spectralCentroid_sma_minSegLen numeric
@attribute pcm_fftMag_spectralCentroid_sma_segLenStddev numeric
@attribute pcm_fftMag_spectralCentroid_sma_upleveltime25 numeric
@attribute pcm_fftMag_spectralCentroid_sma_upleveltime50 numeric
@attribute pcm_fftMag_spectralCentroid_sma_upleveltime75 numeric
@attribute pcm_fftMag_spectralCentroid_sma_upleveltime90 numeric
@attribute pcm_fftMag_spectralCentroid_sma_risetime numeric
@attribute pcm_fftMag_spectralCentroid_sma_leftctime numeric
@attribute pcm_fftMag_spectralCentroid_sma_lpgain numeric
@attribute pcm_fftMag_spectralCentroid_sma_lpc0 numeric
@attribute pcm_fftMag_spectralCentroid_sma_lpc1 numeric
@attribute pcm_fftMag_spectralCentroid_sma_lpc2 numeric
@attribute pcm_fftMag_spectralCentroid_sma_lpc3 numeric
@attribute pcm_fftMag_spectralCentroid_sma_lpc4 numeric
@attribute pcm_fftMag_spectralEntropy_sma_range numeric
@attribute pcm_fftMag_spectralEntropy_sma_maxPos numeric
@attribute pcm_fftMag_spectralEntropy_sma_minPos numeric
@attribute pcm_fftMag_spectralEntropy_sma_quartile1 numeric
@attribute pcm_fftMag_spectralEntropy_sma_quartile2 numeric
@attribute pcm_fftMag_spectralEntropy_sma_quartile3 numeric
@attribute pcm_fftMag_spectralEntropy_sma_iqr1-2 numeric
@attribute pcm_fftMag_spectralEntropy_sma_iqr2-3 numeric
@attribute pcm_fftMag_spectralEntropy_sma_iqr1-3 numeric
@attribute pcm_fftMag_spectralEntropy_sma_percentile1.0 numeric
@attribute pcm_fftMag_spectralEntropy_sma_percentile99.0 numeric
@attribute pcm_fftMag_spectralEntropy_sma_pctlrange0-1 numeric
@attribute pcm_fftMag_spectralEntropy_sma_stddev numeric
@attribute pcm_fftMag_spectralEntropy_sma_skewness numeric
@attribute pcm_fftMag_spectralEntropy_sma_kurtosis numeric
@attribute pcm_fftMag_spectralEntropy_sma_meanSegLen numeric
@attribute pcm_fftMag_spectralEntropy_sma_maxSegLen numeric
@attribute pcm_fftMag_spectralEntropy_sma_minSegLen numeric
@attribute pcm_fftMag_spectralEntropy_sma_segLenStddev numeric
@attribute pcm_fftMag_spectralEntropy_sma_upleveltime25 numeric
@attribute pcm_fftMag_spectralEntropy_sma_upleveltime50 numeric
@attribute pcm_fftMag_spectralEntropy_sma_upleveltime75 numeric
@attribute pcm_fftMag_spectralEntropy_sma_upleveltime90 numeric
@attribute pcm_fftMag_spectralEntropy_sma_risetime numeric
@attribute pcm_fftMag_spectralEntropy_sma_leftctime numeric
@attribute pcm_fftMag_spectralEntropy_sma_lpgain numeric
@attribute pcm_fftMag_spectralEntropy_sma_lpc0 numeric
@attribute pcm_fftMag_spectralEntropy_sma_lpc1 numeric
@attribute pcm_fftMag_spectralEntropy_sma_lpc2 numeric
@attribute pcm_fftMag_spectralEntropy_sma_lpc3 numeric
@attribute pcm_fftMag_spectralEntropy_sma_lpc4 numeric
@attribute pcm_fftMag_spectralVariance_sma_range numeric
@attribute pcm_fftMag_spectralVariance_sma_maxPos numeric
@attribute pcm_fftMag_spectralVariance_sma_minPos numeric
@attribute pcm_fftMag_spectralVariance_sma_quartile1 numeric
@attribute pcm_fftMag_spectralVariance_sma_quartile2 numeric
@attribute pcm_fftMag_spectralVariance_sma_quartile3 numeric
@attribute pcm_fftMag_spectralVariance_sma_iqr1-2 numeric
@attribute pcm_fftMag_spectralVariance_sma_iqr2-3 numeric
@attribute pcm_fftMag_spectralVariance_sma_iqr1-3 numeric
@attribute pcm_fftMag_spectralVariance_sma_percentile1.0 numeric
@attribute pcm_fftMag_spectralVariance_sma_percentile99.0 numeric
@attribute pcm_fftMag_spectralVariance_sma_pctlrange0-1 numeric
@attribute pcm_fftMag_spectralVariance_sma_stddev numeric
@attribute pcm_fftMag_spectralVariance_sma_skewness numeric
@attribute pcm_fftMag_spectralVariance_sma_kurtosis numeric
@attribute pcm_fftMag_spectralVariance_sma_meanSegLen numeric
@attribute pcm_fftMag_spectralVariance_sma_maxSegLen numeric
@attribute pcm_fftMag_spectralVariance_sma_minSegLen numeric
@attribute pcm_fftMag_spectralVariance_sma_segLenStddev numeric
@attribute pcm_fftMag_spectralVariance_sma_upleveltime25 numeric
@attribute pcm_fftMag_spectralVariance_sma_upleveltime50 numeric
@attribute pcm_fftMag_spectralVariance_sma_upleveltime75 numeric
@attribute pcm_fftMag_spectralVariance_sma_upleveltime90 numeric
@attribute pcm_fftMag_spectralVariance_sma_risetime numeric
@attribute pcm_fftMag_spectralVariance_sma_leftctime numeric
@attribute pcm_fftMag_spectralVariance_sma_lpgain numeric
@attribute pcm_fftMag_spectralVariance_sma_lpc0 numeric
@attribute pcm_fftMag_spectralVariance_sma_lpc1 numeric
@attribute pcm_fftMag_spectralVariance_sma_lpc2 numeric
@attribute pcm_fftMag_spectralVariance_sma_lpc3 numeric
@attribute pcm_fftMag_spectralVariance_sma_lpc4 numeric
@attribute pcm_fftMag_spectralSkewness_sma_range numeric
@attribute pcm_fftMag_spectralSkewness_sma_maxPos numeric
@attribute pcm_fftMag_spectralSkewness_sma_minPos numeric
@attribute pcm_fftMag_spectralSkewness_sma_quartile1 numeric
@attribute pcm_fftMag_spectralSkewness_sma_quartile2 numeric
@attribute pcm_fftMag_spectralSkewness_sma_quartile3 numeric
@attribute pcm_fftMag_spectralSkewness_sma_iqr1-2 numeric
@attribute pcm_fftMag_spectralSkewness_sma_iqr2-3 numeric
@attribute pcm_fftMag_spectralSkewness_sma_iqr1-3 numeric
@attribute pcm_fftMag_spectralSkewness_sma_percentile1.0 numeric
@attribute pcm_fftMag_spectralSkewness_sma_percentile99.0 numeric
@attribute pcm_fftMag_spectralSkewness_sma_pctlrange0-1 numeric
@attribute pcm_fftMag_spectralSkewness_sma_stddev numeric
@attribute pcm_fftMag_spectralSkewness_sma_skewness numeric
@attribute pcm_fftMag_spectralSkewness_sma_kurtosis numeric
@attribute pcm_fftMag_spectralSkewness_sma_meanSegLen numeric
@attribute pcm_fftMag_spectralSkewness_sma_maxSegLen numeric
@attribute pcm_fftMag_spectralSkewness_sma_minSegLen numeric
@attribute pcm_fftMag_spectralSkewness_sma_segLenStddev numeric
@attribute pcm_fftMag_spectralSkewness_sma_upleveltime25 numeric
@attribute pcm_fftMag_spectralSkewness_sma_upleveltime50 numeric
@attribute pcm_fftMag_spectralSkewness_sma_upleveltime75 numeric
@attribute pcm_fftMag_spectralSkewness_sma_upleveltime90 numeric
@attribute pcm_fftMag_spectralSkewness_sma_risetime numeric
@attribute pcm_fftMag_spectralSkewness_sma_leftctime numeric
@attribute pcm_fftMag_spectralSkewness_sma_lpgain numeric
@attribute pcm_fftMag_spectralSkewness_sma_lpc0 numeric
@attribute pcm_fftMag_spectralSkewness_sma_lpc1 numeric
@attribute pcm_fftMag_spectralSkewness_sma_lpc2 numeric
@attribute pcm_fftMag_spectralSkewness_sma_lpc3 numeric
@attribute pcm_fftMag_spectralSkewness_sma_lpc4 numeric
@attribute pcm_fftMag_spectralKurtosis_sma_range numeric
@attribute pcm_fftMag_spectralKurtosis_sma_maxPos numeric
@attribute pcm_fftMag_spectralKurtosis_sma_minPos numeric
@attribute pcm_fftMag_spectralKurtosis_sma_quartile1 numeric
@attribute pcm_fftMag_spectralKurtosis_sma_quartile2 numeric
@attribute pcm_fftMag_spectralKurtosis_sma_quartile3 numeric
@attribute pcm_fftMag_spectralKurtosis_sma_iqr1-2 numeric
@attribute pcm_fftMag_spectralKurtosis_sma_iqr2-3 numeric
@attribute pcm_fftMag_spectralKurtosis_sma_iqr1-3 numeric
@attribute pcm_fftMag_spectralKurtosis_sma_percentile1.0 numeric
@attribute pcm_fftMag_spectralKurtosis_sma_percentile99.0 numeric
@attribute pcm_fftMag_spectralKurtosis_sma_pctlrange0-1 numeric
@attribute pcm_fftMag_spectralKurtosis_sma_stddev numeric
@attribute pcm_fftMag_spectralKurtosis_sma_skewness numeric
@attribute pcm_fftMag_spectralKurtosis_sma_kurtosis numeric
@attribute pcm_fftMag_spectralKurtosis_sma_meanSegLen numeric
@attribute pcm_fftMag_spectralKurtosis_sma_maxSegLen numeric
@attribute pcm_fftMag_spectralKurtosis_sma_minSegLen numeric
@attribute pcm_fftMag_spectralKurtosis_sma_segLenStddev numeric
@attribute pcm_fftMag_spectralKurtosis_sma_upleveltime25 numeric
@attribute pcm_fftMag_spectralKurtosis_sma_upleveltime50 numeric
@attribute pcm_fftMag_spectralKurtosis_sma_upleveltime75 numeric
@attribute pcm_fftMag_spectralKurtosis_sma_upleveltime90 numeric
@attribute pcm_fftMag_spectralKurtosis_sma_risetime numeric
@attribute pcm_fftMag_spectralKurtosis_sma_leftctime numeric
@attribute pcm_fftMag_spectralKurtosis_sma_lpgain numeric
@attribute pcm_fftMag_spectralKurtosis_sma_lpc0 numeric
@attribute pcm_fftMag_spectralKurtosis_sma_lpc1 numeric
@attribute pcm_fftMag_spectralKurtosis_sma_lpc2 numeric
@attribute pcm_fftMag_spectralKurtosis_sma_lpc3 numeric
@attribute pcm_fftMag_spectralKurtosis_sma_lpc4 numeric
@attribute pcm_fftMag_spectralSlope_sma_range numeric
@attribute pcm_fftMag_spectralSlope_sma_maxPos numeric
@attribute pcm_fftMag_spectralSlope_sma_minPos numeric
@attribute pcm_fftMag_spectralSlope_sma_quartile1 numeric
@attribute pcm_fftMag_spectralSlope_sma_quartile2 numeric
@attribute pcm_fftMag_spectralSlope_sma_quartile3 numeric
@attribute pcm_fftMag_spectralSlope_sma_iqr1-2 numeric
@attribute pcm_fftMag_spectralSlope_sma_iqr2-3 numeric
@attribute pcm_fftMag_spectralSlope_sma_iqr1-3 numeric
@attribute pcm_fftMag_spectralSlope_sma_percentile1.0 numeric
@attribute pcm_fftMag_spectralSlope_sma_percentile99.0 numeric
@attribute pcm_fftMag_spectralSlope_sma_pctlrange0-1 numeric
@attribute pcm_fftMag_spectralSlope_sma_stddev numeric
@attribute pcm_fftMag_spectralSlope_sma_skewness numeric
@attribute pcm_fftMag_spectralSlope_sma_kurtosis numeric
@attribute pcm_fftMag_spectralSlope_sma_meanSegLen numeric
@attribute pcm_fftMag_spectralSlope_sma_maxSegLen numeric
@attribute pcm_fftMag_spectralSlope_sma_minSegLen numeric
@attribute pcm_fftMag_spectralSlope_sma_segLenStddev numeric
@attribute pcm_fftMag_spectralSlope_sma_upleveltime25 numeric
@attribute pcm_fftMag_spectralSlope_sma_upleveltime50 numeric
@attribute pcm_fftMag_spectralSlope_sma_upleveltime75 numeric
@attribute pcm_fftMag_spectralSlope_sma_upleveltime90 numeric
@attribute pcm_fftMag_spectralSlope_sma_risetime numeric
@attribute pcm_fftMag_spectralSlope_sma_leftctime numeric
@attribute pcm_fftMag_spectralSlope_sma_lpgain numeric
@attribute pcm_fftMag_spectralSlope_sma_lpc0 numeric
@attribute pcm_fftMag_spectralSlope_sma_lpc1 numeric
@attribute pcm_fftMag_spectralSlope_sma_lpc2 numeric
@attribute pcm_fftMag_spectralSlope_sma_lpc3 numeric
@attribute pcm_fftMag_spectralSlope_sma_lpc4 numeric
@attribute pcm_fftMag_psySharpness_sma_range numeric
@attribute pcm_fftMag_psySharpness_sma_maxPos numeric
@attribute pcm_fftMag_psySharpness_sma_minPos numeric
@attribute pcm_fftMag_psySharpness_sma_quartile1 numeric
@attribute pcm_fftMag_psySharpness_sma_quartile2 numeric
@attribute pcm_fftMag_psySharpness_sma_quartile3 numeric
@attribute pcm_fftMag_psySharpness_sma_iqr1-2 numeric
@attribute pcm_fftMag_psySharpness_sma_iqr2-3 numeric
@attribute pcm_fftMag_psySharpness_sma_iqr1-3 numeric
@attribute pcm_fftMag_psySharpness_sma_percentile1.0 numeric
@attribute pcm_fftMag_psySharpness_sma_percentile99.0 numeric
@attribute pcm_fftMag_psySharpness_sma_pctlrange0-1 numeric
@attribute pcm_fftMag_psySharpness_sma_stddev numeric
@attribute pcm_fftMag_psySharpness_sma_skewness numeric
@attribute pcm_fftMag_psySharpness_sma_kurtosis numeric
@attribute pcm_fftMag_psySharpness_sma_meanSegLen numeric
@attribute pcm_fftMag_psySharpness_sma_maxSegLen numeric
@attribute pcm_fftMag_psySharpness_sma_minSegLen numeric
@attribute pcm_fftMag_psySharpness_sma_segLenStddev numeric
@attribute pcm_fftMag_psySharpness_sma_upleveltime25 numeric
@attribute pcm_fftMag_psySharpness_sma_upleveltime50 numeric
@attribute pcm_fftMag_psySharpness_sma_upleveltime75 numeric
@attribute pcm_fftMag_psySharpness_sma_upleveltime90 numeric
@attribute pcm_fftMag_psySharpness_sma_risetime numeric
@attribute pcm_fftMag_psySharpness_sma_leftctime numeric
@attribute pcm_fftMag_psySharpness_sma_lpgain numeric
@attribute pcm_fftMag_psySharpness_sma_lpc0 numeric
@attribute pcm_fftMag_psySharpness_sma_lpc1 numeric
@attribute pcm_fftMag_psySharpness_sma_lpc2 numeric
@attribute pcm_fftMag_psySharpness_sma_lpc3 numeric
@attribute pcm_fftMag_psySharpness_sma_lpc4 numeric
@attribute pcm_fftMag_spectralHarmonicity_sma_range numeric
@attribute pcm_fftMag_spectralHarmonicity_sma_maxPos numeric
@attribute pcm_fftMag_spectralHarmonicity_sma_minPos numeric
@attribute pcm_fftMag_spectralHarmonicity_sma_quartile1 numeric
@attribute pcm_fftMag_spectralHarmonicity_sma_quartile2 numeric
@attribute pcm_fftMag_spectralHarmonicity_sma_quartile3 numeric
@attribute pcm_fftMag_spectralHarmonicity_sma_iqr1-2 numeric
@attribute pcm_fftMag_spectralHarmonicity_sma_iqr2-3 numeric
@attribute pcm_fftMag_spectralHarmonicity_sma_iqr1-3 numeric
@attribute pcm_fftMag_spectralHarmonicity_sma_percentile1.0 numeric
@attribute pcm_fftMag_spectralHarmonicity_sma_percentile99.0 numeric
@attribute pcm_fftMag_spectralHarmonicity_sma_pctlrange0-1 numeric
@attribute pcm_fftMag_spectralHarmonicity_sma_stddev numeric
@attribute pcm_fftMag_spectralHarmonicity_sma_skewness numeric
@attribute pcm_fftMag_spectralHarmonicity_sma_kurtosis numeric
@attribute pcm_fftMag_spectralHarmonicity_sma_meanSegLen numeric
@attribute pcm_fftMag_spectralHarmonicity_sma_maxSegLen numeric
@attribute pcm_fftMag_spectralHarmonicity_sma_minSegLen numeric
@attribute pcm_fftMag_spectralHarmonicity_sma_segLenStddev numeric
@attribute pcm_fftMag_spectralHarmonicity_sma_upleveltime25 numeric
@attribute pcm_fftMag_spectralHarmonicity_sma_upleveltime50 numeric
@attribute pcm_fftMag_spectralHarmonicity_sma_upleveltime75 numeric
@attribute pcm_fftMag_spectralHarmonicity_sma_upleveltime90 numeric
@attribute pcm_fftMag_spectralHarmonicity_sma_risetime numeric
@attribute pcm_fftMag_spectralHarmonicity_sma_leftctime numeric
@attribute pcm_fftMag_spectralHarmonicity_sma_lpgain numeric
@attribute pcm_fftMag_spectralHarmonicity_sma_lpc0 numeric
@attribute pcm_fftMag_spectralHarmonicity_sma_lpc1 numeric
@attribute pcm_fftMag_spectralHarmonicity_sma_lpc2 numeric
@attribute pcm_fftMag_spectralHarmonicity_sma_lpc3 numeric
@attribute pcm_fftMag_spectralHarmonicity_sma_lpc4 numeric
@attribute mfcc_sma[1]_range numeric
@attribute mfcc_sma[1]_maxPos numeric
@attribute mfcc_sma[1]_minPos numeric
@attribute mfcc_sma[1]_quartile1 numeric
@attribute mfcc_sma[1]_quartile2 numeric
@attribute mfcc_sma[1]_quartile3 numeric
@attribute mfcc_sma[1]_iqr1-2 numeric
@attribute mfcc_sma[1]_iqr2-3 numeric
@attribute mfcc_sma[1]_iqr1-3 numeric
@attribute mfcc_sma[1]_percentile1.0 numeric
@attribute mfcc_sma[1]_percentile99.0 numeric
@attribute mfcc_sma[1]_pctlrange0-1 numeric
@attribute mfcc_sma[1]_stddev numeric
@attribute mfcc_sma[1]_skewness numeric
@attribute mfcc_sma[1]_kurtosis numeric
@attribute mfcc_sma[1]_meanSegLen numeric
@attribute mfcc_sma[1]_maxSegLen numeric
@attribute mfcc_sma[1]_minSegLen numeric
@attribute mfcc_sma[1]_segLenStddev numeric
@attribute mfcc_sma[1]_upleveltime25 numeric
@attribute mfcc_sma[1]_upleveltime50 numeric
@attribute mfcc_sma[1]_upleveltime75 numeric
@attribute mfcc_sma[1]_upleveltime90 numeric
@attribute mfcc_sma[1]_risetime numeric
@attribute mfcc_sma[1]_leftctime numeric
@attribute mfcc_sma[1]_lpgain numeric
@attribute mfcc_sma[1]_lpc0 numeric
@attribute mfcc_sma[1]_lpc1 numeric
@attribute mfcc_sma[1]_lpc2 numeric
@attribute mfcc_sma[1]_lpc3 numeric
@attribute mfcc_sma[1]_lpc4 numeric
@attribute mfcc_sma[2]_range numeric
@attribute mfcc_sma[2]_maxPos numeric
@attribute mfcc_sma[2]_minPos numeric
@attribute mfcc_sma[2]_quartile1 numeric
@attribute mfcc_sma[2]_quartile2 numeric
@attribute mfcc_sma[2]_quartile3 numeric
@attribute mfcc_sma[2]_iqr1-2 numeric
@attribute mfcc_sma[2]_iqr2-3 numeric
@attribute mfcc_sma[2]_iqr1-3 numeric
@attribute mfcc_sma[2]_percentile1.0 numeric
@attribute mfcc_sma[2]_percentile99.0 numeric
@attribute mfcc_sma[2]_pctlrange0-1 numeric
@attribute mfcc_sma[2]_stddev numeric
@attribute mfcc_sma[2]_skewness numeric
@attribute mfcc_sma[2]_kurtosis numeric
@attribute mfcc_sma[2]_meanSegLen numeric
@attribute mfcc_sma[2]_maxSegLen numeric
@attribute mfcc_sma[2]_minSegLen numeric
@attribute mfcc_sma[2]_segLenStddev numeric
@attribute mfcc_sma[2]_upleveltime25 numeric
@attribute mfcc_sma[2]_upleveltime50 numeric
@attribute mfcc_sma[2]_upleveltime75 numeric
@attribute mfcc_sma[2]_upleveltime90 numeric
@attribute mfcc_sma[2]_risetime numeric
@attribute mfcc_sma[2]_leftctime numeric
@attribute mfcc_sma[2]_lpgain numeric
@attribute mfcc_sma[2]_lpc0 numeric
@attribute mfcc_sma[2]_lpc1 numeric
@attribute mfcc_sma[2]_lpc2 numeric
@attribute mfcc_sma[2]_lpc3 numeric
@attribute mfcc_sma[2]_lpc4 numeric
@attribute mfcc_sma[3]_range numeric
@attribute mfcc_sma[3]_maxPos numeric
@attribute mfcc_sma[3]_minPos numeric
@attribute mfcc_sma[3]_quartile1 numeric
@attribute mfcc_sma[3]_quartile2 numeric
@attribute mfcc_sma[3]_quartile3 numeric
@attribute mfcc_sma[3]_iqr1-2 numeric
@attribute mfcc_sma[3]_iqr2-3 numeric
@attribute mfcc_sma[3]_iqr1-3 numeric
@attribute mfcc_sma[3]_percentile1.0 numeric
@attribute mfcc_sma[3]_percentile99.0 numeric
@attribute mfcc_sma[3]_pctlrange0-1 numeric
@attribute mfcc_sma[3]_stddev numeric
@attribute mfcc_sma[3]_skewness numeric
@attribute mfcc_sma[3]_kurtosis numeric
@attribute mfcc_sma[3]_meanSegLen numeric
@attribute mfcc_sma[3]_maxSegLen numeric
@attribute mfcc_sma[3]_minSegLen numeric
@attribute mfcc_sma[3]_segLenStddev numeric
@attribute mfcc_sma[3]_upleveltime25 numeric
@attribute mfcc_sma[3]_upleveltime50 numeric
@attribute mfcc_sma[3]_upleveltime75 numeric
@attribute mfcc_sma[3]_upleveltime90 numeric
@attribute mfcc_sma[3]_risetime numeric
@attribute mfcc_sma[3]_leftctime numeric
@attribute mfcc_sma[3]_lpgain numeric
@attribute mfcc_sma[3]_lpc0 numeric
@attribute mfcc_sma[3]_lpc1 numeric
@attribute mfcc_sma[3]_lpc2 numeric
@attribute mfcc_sma[3]_lpc3 numeric
@attribute mfcc_sma[3]_lpc4 numeric
@attribute mfcc_sma[4]_range numeric
@attribute mfcc_sma[4]_maxPos numeric
@attribute mfcc_sma[4]_minPos numeric
@attribute mfcc_sma[4]_quartile1 numeric
@attribute mfcc_sma[4]_quartile2 numeric
@attribute mfcc_sma[4]_quartile3 numeric
@attribute mfcc_sma[4]_iqr1-2 numeric
@attribute mfcc_sma[4]_iqr2-3 numeric
@attribute mfcc_sma[4]_iqr1-3 numeric
@attribute mfcc_sma[4]_percentile1.0 numeric
@attribute mfcc_sma[4]_percentile99.0 numeric
@attribute mfcc_sma[4]_pctlrange0-1 numeric
@attribute mfcc_sma[4]_stddev numeric
@attribute mfcc_sma[4]_skewness numeric
@attribute mfcc_sma[4]_kurtosis numeric
@attribute mfcc_sma[4]_meanSegLen numeric
@attribute mfcc_sma[4]_maxSegLen numeric
@attribute mfcc_sma[4]_minSegLen numeric
@attribute mfcc_sma[4]_segLenStddev numeric
@attribute mfcc_sma[4]_upleveltime25 numeric
@attribute mfcc_sma[4]_upleveltime50 numeric
@attribute mfcc_sma[4]_upleveltime75 numeric
@attribute mfcc_sma[4]_upleveltime90 numeric
@attribute mfcc_sma[4]_risetime numeric
@attribute mfcc_sma[4]_leftctime numeric
@attribute mfcc_sma[4]_lpgain numeric
@attribute mfcc_sma[4]_lpc0 numeric
@attribute mfcc_sma[4]_lpc1 numeric
@attribute mfcc_sma[4]_lpc2 numeric
@attribute mfcc_sma[4]_lpc3 numeric
@attribute mfcc_sma[4]_lpc4 numeric
@attribute mfcc_sma[5]_range numeric
@attribute mfcc_sma[5]_maxPos numeric
@attribute mfcc_sma[5]_minPos numeric
@attribute mfcc_sma[5]_quartile1 numeric
@attribute mfcc_sma[5]_quartile2 numeric
@attribute mfcc_sma[5]_quartile3 numeric
@attribute mfcc_sma[5]_iqr1-2 numeric
@attribute mfcc_sma[5]_iqr2-3 numeric
@attribute mfcc_sma[5]_iqr1-3 numeric
@attribute mfcc_sma[5]_percentile1.0 numeric
@attribute mfcc_sma[5]_percentile99.0 numeric
@attribute mfcc_sma[5]_pctlrange0-1 numeric
@attribute mfcc_sma[5]_stddev numeric
@attribute mfcc_sma[5]_skewness numeric
@attribute mfcc_sma[5]_kurtosis numeric
@attribute mfcc_sma[5]_meanSegLen numeric
@attribute mfcc_sma[5]_maxSegLen numeric
@attribute mfcc_sma[5]_minSegLen numeric
@attribute mfcc_sma[5]_segLenStddev numeric
@attribute mfcc_sma[5]_upleveltime25 numeric
@attribute mfcc_sma[5]_upleveltime50 numeric
@attribute mfcc_sma[5]_upleveltime75 numeric
@attribute mfcc_sma[5]_upleveltime90 numeric
@attribute mfcc_sma[5]_risetime numeric
@attribute mfcc_sma[5]_leftctime numeric
@attribute mfcc_sma[5]_lpgain numeric
@attribute mfcc_sma[5]_lpc0 numeric
@attribute mfcc_sma[5]_lpc1 numeric
@attribute mfcc_sma[5]_lpc2 numeric
@attribute mfcc_sma[5]_lpc3 numeric
@attribute mfcc_sma[5]_lpc4 numeric
@attribute mfcc_sma[6]_range numeric
@attribute mfcc_sma[6]_maxPos numeric
@attribute mfcc_sma[6]_minPos numeric
@attribute mfcc_sma[6]_quartile1 numeric
@attribute mfcc_sma[6]_quartile2 numeric
@attribute mfcc_sma[6]_quartile3 numeric
@attribute mfcc_sma[6]_iqr1-2 numeric
@attribute mfcc_sma[6]_iqr2-3 numeric
@attribute mfcc_sma[6]_iqr1-3 numeric
@attribute mfcc_sma[6]_percentile1.0 numeric
@attribute mfcc_sma[6]_percentile99.0 numeric
@attribute mfcc_sma[6]_pctlrange0-1 numeric
@attribute mfcc_sma[6]_stddev numeric
@attribute mfcc_sma[6]_skewness numeric
@attribute mfcc_sma[6]_kurtosis numeric
@attribute mfcc_sma[6]_meanSegLen numeric
@attribute mfcc_sma[6]_maxSegLen numeric
@attribute mfcc_sma[6]_minSegLen numeric
@attribute mfcc_sma[6]_segLenStddev numeric
@attribute mfcc_sma[6]_upleveltime25 numeric
@attribute mfcc_sma[6]_upleveltime50 numeric
@attribute mfcc_sma[6]_upleveltime75 numeric
@attribute mfcc_sma[6]_upleveltime90 numeric
@attribute mfcc_sma[6]_risetime numeric
@attribute mfcc_sma[6]_leftctime numeric
@attribute mfcc_sma[6]_lpgain numeric
@attribute mfcc_sma[6]_lpc0 numeric
@attribute mfcc_sma[6]_lpc1 numeric
@attribute mfcc_sma[6]_lpc2 numeric
@attribute mfcc_sma[6]_lpc3 numeric
@attribute mfcc_sma[6]_lpc4 numeric
@attribute mfcc_sma[7]_range numeric
@attribute mfcc_sma[7]_maxPos numeric
@attribute mfcc_sma[7]_minPos numeric
@attribute mfcc_sma[7]_quartile1 numeric
@attribute mfcc_sma[7]_quartile2 numeric
@attribute mfcc_sma[7]_quartile3 numeric
@attribute mfcc_sma[7]_iqr1-2 numeric
@attribute mfcc_sma[7]_iqr2-3 numeric
@attribute mfcc_sma[7]_iqr1-3 numeric
@attribute mfcc_sma[7]_percentile1.0 numeric
@attribute mfcc_sma[7]_percentile99.0 numeric
@attribute mfcc_sma[7]_pctlrange0-1 numeric
@attribute mfcc_sma[7]_stddev numeric
@attribute mfcc_sma[7]_skewness numeric
@attribute mfcc_sma[7]_kurtosis numeric
@attribute mfcc_sma[7]_meanSegLen numeric
@attribute mfcc_sma[7]_maxSegLen numeric
@attribute mfcc_sma[7]_minSegLen numeric
@attribute mfcc_sma[7]_segLenStddev numeric
@attribute mfcc_sma[7]_upleveltime25 numeric
@attribute mfcc_sma[7]_upleveltime50 numeric
@attribute mfcc_sma[7]_upleveltime75 numeric
@attribute mfcc_sma[7]_upleveltime90 numeric
@attribute mfcc_sma[7]_risetime numeric
@attribute mfcc_sma[7]_leftctime numeric
@attribute mfcc_sma[7]_lpgain numeric
@attribute mfcc_sma[7]_lpc0 numeric
@attribute mfcc_sma[7]_lpc1 numeric
@attribute mfcc_sma[7]_lpc2 numeric
@attribute mfcc_sma[7]_lpc3 numeric
@attribute mfcc_sma[7]_lpc4 numeric
@attribute mfcc_sma[8]_range numeric
@attribute mfcc_sma[8]_maxPos numeric
@attribute mfcc_sma[8]_minPos numeric
@attribute mfcc_sma[8]_quartile1 numeric
@attribute mfcc_sma[8]_quartile2 numeric
@attribute mfcc_sma[8]_quartile3 numeric
@attribute mfcc_sma[8]_iqr1-2 numeric
@attribute mfcc_sma[8]_iqr2-3 numeric
@attribute mfcc_sma[8]_iqr1-3 numeric
@attribute mfcc_sma[8]_percentile1.0 numeric
@attribute mfcc_sma[8]_percentile99.0 numeric
@attribute mfcc_sma[8]_pctlrange0-1 numeric
@attribute mfcc_sma[8]_stddev numeric
@attribute mfcc_sma[8]_skewness numeric
@attribute mfcc_sma[8]_kurtosis numeric
@attribute mfcc_sma[8]_meanSegLen numeric
@attribute mfcc_sma[8]_maxSegLen numeric
@attribute mfcc_sma[8]_minSegLen numeric
@attribute mfcc_sma[8]_segLenStddev numeric
@attribute mfcc_sma[8]_upleveltime25 numeric
@attribute mfcc_sma[8]_upleveltime50 numeric
@attribute mfcc_sma[8]_upleveltime75 numeric
@attribute mfcc_sma[8]_upleveltime90 numeric
@attribute mfcc_sma[8]_risetime numeric
@attribute mfcc_sma[8]_leftctime numeric
@attribute mfcc_sma[8]_lpgain numeric
@attribute mfcc_sma[8]_lpc0 numeric
@attribute mfcc_sma[8]_lpc1 numeric
@attribute mfcc_sma[8]_lpc2 numeric
@attribute mfcc_sma[8]_lpc3 numeric
@attribute mfcc_sma[8]_lpc4 numeric
@attribute mfcc_sma[9]_range numeric
@attribute mfcc_sma[9]_maxPos numeric
@attribute mfcc_sma[9]_minPos numeric
@attribute mfcc_sma[9]_quartile1 numeric
@attribute mfcc_sma[9]_quartile2 numeric
@attribute mfcc_sma[9]_quartile3 numeric
@attribute mfcc_sma[9]_iqr1-2 numeric
@attribute mfcc_sma[9]_iqr2-3 numeric
@attribute mfcc_sma[9]_iqr1-3 numeric
@attribute mfcc_sma[9]_percentile1.0 numeric
@attribute mfcc_sma[9]_percentile99.0 numeric
@attribute mfcc_sma[9]_pctlrange0-1 numeric
@attribute mfcc_sma[9]_stddev numeric
@attribute mfcc_sma[9]_skewness numeric
@attribute mfcc_sma[9]_kurtosis numeric
@attribute mfcc_sma[9]_meanSegLen numeric
@attribute mfcc_sma[9]_maxSegLen numeric
@attribute mfcc_sma[9]_minSegLen numeric
@attribute mfcc_sma[9]_segLenStddev numeric
@attribute mfcc_sma[9]_upleveltime25 numeric
@attribute mfcc_sma[9]_upleveltime50 numeric
@attribute mfcc_sma[9]_upleveltime75 numeric
@attribute mfcc_sma[9]_upleveltime90 numeric
@attribute mfcc_sma[9]_risetime numeric
@attribute mfcc_sma[9]_leftctime numeric
@attribute mfcc_sma[9]_lpgain numeric
@attribute mfcc_sma[9]_lpc0 numeric
@attribute mfcc_sma[9]_lpc1 numeric
@attribute mfcc_sma[9]_lpc2 numeric
@attribute mfcc_sma[9]_lpc3 numeric
@attribute mfcc_sma[9]_lpc4 numeric
@attribute mfcc_sma[10]_range numeric
@attribute mfcc_sma[10]_maxPos numeric
@attribute mfcc_sma[10]_minPos numeric
@attribute mfcc_sma[10]_quartile1 numeric
@attribute mfcc_sma[10]_quartile2 numeric
@attribute mfcc_sma[10]_quartile3 numeric
@attribute mfcc_sma[10]_iqr1-2 numeric
@attribute mfcc_sma[10]_iqr2-3 numeric
@attribute mfcc_sma[10]_iqr1-3 numeric
@attribute mfcc_sma[10]_percentile1.0 numeric
@attribute mfcc_sma[10]_percentile99.0 numeric
@attribute mfcc_sma[10]_pctlrange0-1 numeric
@attribute mfcc_sma[10]_stddev numeric
@attribute mfcc_sma[10]_skewness numeric
@attribute mfcc_sma[10]_kurtosis numeric
@attribute mfcc_sma[10]_meanSegLen numeric
@attribute mfcc_sma[10]_maxSegLen numeric
@attribute mfcc_sma[10]_minSegLen numeric
@attribute mfcc_sma[10]_segLenStddev numeric
@attribute mfcc_sma[10]_upleveltime25 numeric
@attribute mfcc_sma[10]_upleveltime50 numeric
@attribute mfcc_sma[10]_upleveltime75 numeric
@attribute mfcc_sma[10]_upleveltime90 numeric
@attribute mfcc_sma[10]_risetime numeric
@attribute mfcc_sma[10]_leftctime numeric
@attribute mfcc_sma[10]_lpgain numeric
@attribute mfcc_sma[10]_lpc0 numeric
@attribute mfcc_sma[10]_lpc1 numeric
@attribute mfcc_sma[10]_lpc2 numeric
@attribute mfcc_sma[10]_lpc3 numeric
@attribute mfcc_sma[10]_lpc4 numeric
@attribute mfcc_sma[11]_range numeric
@attribute mfcc_sma[11]_maxPos numeric
@attribute mfcc_sma[11]_minPos numeric
@attribute mfcc_sma[11]_quartile1 numeric
@attribute mfcc_sma[11]_quartile2 numeric
@attribute mfcc_sma[11]_quartile3 numeric
@attribute mfcc_sma[11]_iqr1-2 numeric
@attribute mfcc_sma[11]_iqr2-3 numeric
@attribute mfcc_sma[11]_iqr1-3 numeric
@attribute mfcc_sma[11]_percentile1.0 numeric
@attribute mfcc_sma[11]_percentile99.0 numeric
@attribute mfcc_sma[11]_pctlrange0-1 numeric
@attribute mfcc_sma[11]_stddev numeric
@attribute mfcc_sma[11]_skewness numeric
@attribute mfcc_sma[11]_kurtosis numeric
@attribute mfcc_sma[11]_meanSegLen numeric
@attribute mfcc_sma[11]_maxSegLen numeric
@attribute mfcc_sma[11]_minSegLen numeric
@attribute mfcc_sma[11]_segLenStddev numeric
@attribute mfcc_sma[11]_upleveltime25 numeric
@attribute mfcc_sma[11]_upleveltime50 numeric
@attribute mfcc_sma[11]_upleveltime75 numeric
@attribute mfcc_sma[11]_upleveltime90 numeric
@attribute mfcc_sma[11]_risetime numeric
@attribute mfcc_sma[11]_leftctime numeric
@attribute mfcc_sma[11]_lpgain numeric
@attribute mfcc_sma[11]_lpc0 numeric
@attribute mfcc_sma[11]_lpc1 numeric
@attribute mfcc_sma[11]_lpc2 numeric
@attribute mfcc_sma[11]_lpc3 numeric
@attribute mfcc_sma[11]_lpc4 numeric
@attribute mfcc_sma[12]_range numeric
@attribute mfcc_sma[12]_maxPos numeric
@attribute mfcc_sma[12]_minPos numeric
@attribute mfcc_sma[12]_quartile1 numeric
@attribute mfcc_sma[12]_quartile2 numeric
@attribute mfcc_sma[12]_quartile3 numeric
@attribute mfcc_sma[12]_iqr1-2 numeric
@attribute mfcc_sma[12]_iqr2-3 numeric
@attribute mfcc_sma[12]_iqr1-3 numeric
@attribute mfcc_sma[12]_percentile1.0 numeric
@attribute mfcc_sma[12]_percentile99.0 numeric
@attribute mfcc_sma[12]_pctlrange0-1 numeric
@attribute mfcc_sma[12]_stddev numeric
@attribute mfcc_sma[12]_skewness numeric
@attribute mfcc_sma[12]_kurtosis numeric
@attribute mfcc_sma[12]_meanSegLen numeric
@attribute mfcc_sma[12]_maxSegLen numeric
@attribute mfcc_sma[12]_minSegLen numeric
@attribute mfcc_sma[12]_segLenStddev numeric
@attribute mfcc_sma[12]_upleveltime25 numeric
@attribute mfcc_sma[12]_upleveltime50 numeric
@attribute mfcc_sma[12]_upleveltime75 numeric
@attribute mfcc_sma[12]_upleveltime90 numeric
@attribute mfcc_sma[12]_risetime numeric
@attribute mfcc_sma[12]_leftctime numeric
@attribute mfcc_sma[12]_lpgain numeric
@attribute mfcc_sma[12]_lpc0 numeric
@attribute mfcc_sma[12]_lpc1 numeric
@attribute mfcc_sma[12]_lpc2 numeric
@attribute mfcc_sma[12]_lpc3 numeric
@attribute mfcc_sma[12]_lpc4 numeric
@attribute mfcc_sma[13]_range numeric
@attribute mfcc_sma[13]_maxPos numeric
@attribute mfcc_sma[13]_minPos numeric
@attribute mfcc_sma[13]_quartile1 numeric
@attribute mfcc_sma[13]_quartile2 numeric
@attribute mfcc_sma[13]_quartile3 numeric
@attribute mfcc_sma[13]_iqr1-2 numeric
@attribute mfcc_sma[13]_iqr2-3 numeric
@attribute mfcc_sma[13]_iqr1-3 numeric
@attribute mfcc_sma[13]_percentile1.0 numeric
@attribute mfcc_sma[13]_percentile99.0 numeric
@attribute mfcc_sma[13]_pctlrange0-1 numeric
@attribute mfcc_sma[13]_stddev numeric
@attribute mfcc_sma[13]_skewness numeric
@attribute mfcc_sma[13]_kurtosis numeric
@attribute mfcc_sma[13]_meanSegLen numeric
@attribute mfcc_sma[13]_maxSegLen numeric
@attribute mfcc_sma[13]_minSegLen numeric
@attribute mfcc_sma[13]_segLenStddev numeric
@attribute mfcc_sma[13]_upleveltime25 numeric
@attribute mfcc_sma[13]_upleveltime50 numeric
@attribute mfcc_sma[13]_upleveltime75 numeric
@attribute mfcc_sma[13]_upleveltime90 numeric
@attribute mfcc_sma[13]_risetime numeric
@attribute mfcc_sma[13]_leftctime numeric
@attribute mfcc_sma[13]_lpgain numeric
@attribute mfcc_sma[13]_lpc0 numeric
@attribute mfcc_sma[13]_lpc1 numeric
@attribute mfcc_sma[13]_lpc2 numeric
@attribute mfcc_sma[13]_lpc3 numeric
@attribute mfcc_sma[13]_lpc4 numeric
@attribute mfcc_sma[14]_range numeric
@attribute mfcc_sma[14]_maxPos numeric
@attribute mfcc_sma[14]_minPos numeric
@attribute mfcc_sma[14]_quartile1 numeric
@attribute mfcc_sma[14]_quartile2 numeric
@attribute mfcc_sma[14]_quartile3 numeric
@attribute mfcc_sma[14]_iqr1-2 numeric
@attribute mfcc_sma[14]_iqr2-3 numeric
@attribute mfcc_sma[14]_iqr1-3 numeric
@attribute mfcc_sma[14]_percentile1.0 numeric
@attribute mfcc_sma[14]_percentile99.0 numeric
@attribute mfcc_sma[14]_pctlrange0-1 numeric
@attribute mfcc_sma[14]_stddev numeric
@attribute mfcc_sma[14]_skewness numeric
@attribute mfcc_sma[14]_kurtosis numeric
@attribute mfcc_sma[14]_meanSegLen numeric
@attribute mfcc_sma[14]_maxSegLen numeric
@attribute mfcc_sma[14]_minSegLen numeric
@attribute mfcc_sma[14]_segLenStddev numeric
@attribute mfcc_sma[14]_upleveltime25 numeric
@attribute mfcc_sma[14]_upleveltime50 numeric
@attribute mfcc_sma[14]_upleveltime75 numeric
@attribute mfcc_sma[14]_upleveltime90 numeric
@attribute mfcc_sma[14]_risetime numeric
@attribute mfcc_sma[14]_leftctime numeric
@attribute mfcc_sma[14]_lpgain numeric
@attribute mfcc_sma[14]_lpc0 numeric
@attribute mfcc_sma[14]_lpc1 numeric
@attribute mfcc_sma[14]_lpc2 numeric
@attribute mfcc_sma[14]_lpc3 numeric
@attribute mfcc_sma[14]_lpc4 numeric
@attribute audSpec_Rfilt_sma_de[0]_range numeric
@attribute audSpec_Rfilt_sma_de[0]_maxPos numeric
@attribute audSpec_Rfilt_sma_de[0]_minPos numeric
@attribute audSpec_Rfilt_sma_de[0]_quartile1 numeric
@attribute audSpec_Rfilt_sma_de[0]_quartile2 numeric
@attribute audSpec_Rfilt_sma_de[0]_quartile3 numeric
@attribute audSpec_Rfilt_sma_de[0]_iqr1-2 numeric
@attribute audSpec_Rfilt_sma_de[0]_iqr2-3 numeric
@attribute audSpec_Rfilt_sma_de[0]_iqr1-3 numeric
@attribute audSpec_Rfilt_sma_de[0]_percentile1.0 numeric
@attribute audSpec_Rfilt_sma_de[0]_percentile99.0 numeric
@attribute audSpec_Rfilt_sma_de[0]_pctlrange0-1 numeric
@attribute audSpec_Rfilt_sma_de[0]_stddev numeric
@attribute audSpec_Rfilt_sma_de[0]_skewness numeric
@attribute audSpec_Rfilt_sma_de[0]_kurtosis numeric
@attribute audSpec_Rfilt_sma_de[0]_meanSegLen numeric
@attribute audSpec_Rfilt_sma_de[0]_maxSegLen numeric
@attribute audSpec_Rfilt_sma_de[0]_minSegLen numeric
@attribute audSpec_Rfilt_sma_de[0]_segLenStddev numeric
@attribute audSpec_Rfilt_sma_de[0]_upleveltime25 numeric
@attribute audSpec_Rfilt_sma_de[0]_upleveltime50 numeric
@attribute audSpec_Rfilt_sma_de[0]_upleveltime75 numeric
@attribute audSpec_Rfilt_sma_de[0]_upleveltime90 numeric
@attribute audSpec_Rfilt_sma_de[0]_risetime numeric
@attribute audSpec_Rfilt_sma_de[0]_leftctime numeric
@attribute audSpec_Rfilt_sma_de[0]_lpgain numeric
@attribute audSpec_Rfilt_sma_de[0]_lpc0 numeric
@attribute audSpec_Rfilt_sma_de[0]_lpc1 numeric
@attribute audSpec_Rfilt_sma_de[0]_lpc2 numeric
@attribute audSpec_Rfilt_sma_de[0]_lpc3 numeric
@attribute audSpec_Rfilt_sma_de[0]_lpc4 numeric
@attribute audSpec_Rfilt_sma_de[1]_range numeric
@attribute audSpec_Rfilt_sma_de[1]_maxPos numeric
@attribute audSpec_Rfilt_sma_de[1]_minPos numeric
@attribute audSpec_Rfilt_sma_de[1]_quartile1 numeric
@attribute audSpec_Rfilt_sma_de[1]_quartile2 numeric
@attribute audSpec_Rfilt_sma_de[1]_quartile3 numeric
@attribute audSpec_Rfilt_sma_de[1]_iqr1-2 numeric
@attribute audSpec_Rfilt_sma_de[1]_iqr2-3 numeric
@attribute audSpec_Rfilt_sma_de[1]_iqr1-3 numeric
@attribute audSpec_Rfilt_sma_de[1]_percentile1.0 numeric
@attribute audSpec_Rfilt_sma_de[1]_percentile99.0 numeric
@attribute audSpec_Rfilt_sma_de[1]_pctlrange0-1 numeric
@attribute audSpec_Rfilt_sma_de[1]_stddev numeric
@attribute audSpec_Rfilt_sma_de[1]_skewness numeric
@attribute audSpec_Rfilt_sma_de[1]_kurtosis numeric
@attribute audSpec_Rfilt_sma_de[1]_meanSegLen numeric
@attribute audSpec_Rfilt_sma_de[1]_maxSegLen numeric
@attribute audSpec_Rfilt_sma_de[1]_minSegLen numeric
@attribute audSpec_Rfilt_sma_de[1]_segLenStddev numeric
@attribute audSpec_Rfilt_sma_de[1]_upleveltime25 numeric
@attribute audSpec_Rfilt_sma_de[1]_upleveltime50 numeric
@attribute audSpec_Rfilt_sma_de[1]_upleveltime75 numeric
@attribute audSpec_Rfilt_sma_de[1]_upleveltime90 numeric
@attribute audSpec_Rfilt_sma_de[1]_risetime numeric
@attribute audSpec_Rfilt_sma_de[1]_leftctime numeric
@attribute audSpec_Rfilt_sma_de[1]_lpgain numeric
@attribute audSpec_Rfilt_sma_de[1]_lpc0 numeric
@attribute audSpec_Rfilt_sma_de[1]_lpc1 numeric
@attribute audSpec_Rfilt_sma_de[1]_lpc2 numeric
@attribute audSpec_Rfilt_sma_de[1]_lpc3 numeric
@attribute audSpec_Rfilt_sma_de[1]_lpc4 numeric
@attribute audSpec_Rfilt_sma_de[2]_range numeric
@attribute audSpec_Rfilt_sma_de[2]_maxPos numeric
@attribute audSpec_Rfilt_sma_de[2]_minPos numeric
@attribute audSpec_Rfilt_sma_de[2]_quartile1 numeric
@attribute audSpec_Rfilt_sma_de[2]_quartile2 numeric
@attribute audSpec_Rfilt_sma_de[2]_quartile3 numeric
@attribute audSpec_Rfilt_sma_de[2]_iqr1-2 numeric
@attribute audSpec_Rfilt_sma_de[2]_iqr2-3 numeric
@attribute audSpec_Rfilt_sma_de[2]_iqr1-3 numeric
@attribute audSpec_Rfilt_sma_de[2]_percentile1.0 numeric
@attribute audSpec_Rfilt_sma_de[2]_percentile99.0 numeric
@attribute audSpec_Rfilt_sma_de[2]_pctlrange0-1 numeric
@attribute audSpec_Rfilt_sma_de[2]_stddev numeric
@attribute audSpec_Rfilt_sma_de[2]_skewness numeric
@attribute audSpec_Rfilt_sma_de[2]_kurtosis numeric
@attribute audSpec_Rfilt_sma_de[2]_meanSegLen numeric
@attribute audSpec_Rfilt_sma_de[2]_maxSegLen numeric
@attribute audSpec_Rfilt_sma_de[2]_minSegLen numeric
@attribute audSpec_Rfilt_sma_de[2]_segLenStddev numeric
@attribute audSpec_Rfilt_sma_de[2]_upleveltime25 numeric
@attribute audSpec_Rfilt_sma_de[2]_upleveltime50 numeric
@attribute audSpec_Rfilt_sma_de[2]_upleveltime75 numeric
@attribute audSpec_Rfilt_sma_de[2]_upleveltime90 numeric
@attribute audSpec_Rfilt_sma_de[2]_risetime numeric
@attribute audSpec_Rfilt_sma_de[2]_leftctime numeric
@attribute audSpec_Rfilt_sma_de[2]_lpgain numeric
@attribute audSpec_Rfilt_sma_de[2]_lpc0 numeric
@attribute audSpec_Rfilt_sma_de[2]_lpc1 numeric
@attribute audSpec_Rfilt_sma_de[2]_lpc2 numeric
@attribute audSpec_Rfilt_sma_de[2]_lpc3 numeric
@attribute audSpec_Rfilt_sma_de[2]_lpc4 numeric
@attribute audSpec_Rfilt_sma_de[3]_range numeric
@attribute audSpec_Rfilt_sma_de[3]_maxPos numeric
@attribute audSpec_Rfilt_sma_de[3]_minPos numeric
@attribute audSpec_Rfilt_sma_de[3]_quartile1 numeric
@attribute audSpec_Rfilt_sma_de[3]_quartile2 numeric
@attribute audSpec_Rfilt_sma_de[3]_quartile3 numeric
@attribute audSpec_Rfilt_sma_de[3]_iqr1-2 numeric
@attribute audSpec_Rfilt_sma_de[3]_iqr2-3 numeric
@attribute audSpec_Rfilt_sma_de[3]_iqr1-3 numeric
@attribute audSpec_Rfilt_sma_de[3]_percentile1.0 numeric
@attribute audSpec_Rfilt_sma_de[3]_percentile99.0 numeric
@attribute audSpec_Rfilt_sma_de[3]_pctlrange0-1 numeric
@attribute audSpec_Rfilt_sma_de[3]_stddev numeric
@attribute audSpec_Rfilt_sma_de[3]_skewness numeric
@attribute audSpec_Rfilt_sma_de[3]_kurtosis numeric
@attribute audSpec_Rfilt_sma_de[3]_meanSegLen numeric
@attribute audSpec_Rfilt_sma_de[3]_maxSegLen numeric
@attribute audSpec_Rfilt_sma_de[3]_minSegLen numeric
@attribute audSpec_Rfilt_sma_de[3]_segLenStddev numeric
@attribute audSpec_Rfilt_sma_de[3]_upleveltime25 numeric
@attribute audSpec_Rfilt_sma_de[3]_upleveltime50 numeric
@attribute audSpec_Rfilt_sma_de[3]_upleveltime75 numeric
@attribute audSpec_Rfilt_sma_de[3]_upleveltime90 numeric
@attribute audSpec_Rfilt_sma_de[3]_risetime numeric
@attribute audSpec_Rfilt_sma_de[3]_leftctime numeric
@attribute audSpec_Rfilt_sma_de[3]_lpgain numeric
@attribute audSpec_Rfilt_sma_de[3]_lpc0 numeric
@attribute audSpec_Rfilt_sma_de[3]_lpc1 numeric
@attribute audSpec_Rfilt_sma_de[3]_lpc2 numeric
@attribute audSpec_Rfilt_sma_de[3]_lpc3 numeric
@attribute audSpec_Rfilt_sma_de[3]_lpc4 numeric
@attribute audSpec_Rfilt_sma_de[4]_range numeric
@attribute audSpec_Rfilt_sma_de[4]_maxPos numeric
@attribute audSpec_Rfilt_sma_de[4]_minPos numeric
@attribute audSpec_Rfilt_sma_de[4]_quartile1 numeric
@attribute audSpec_Rfilt_sma_de[4]_quartile2 numeric
@attribute audSpec_Rfilt_sma_de[4]_quartile3 numeric
@attribute audSpec_Rfilt_sma_de[4]_iqr1-2 numeric
@attribute audSpec_Rfilt_sma_de[4]_iqr2-3 numeric
@attribute audSpec_Rfilt_sma_de[4]_iqr1-3 numeric
@attribute audSpec_Rfilt_sma_de[4]_percentile1.0 numeric
@attribute audSpec_Rfilt_sma_de[4]_percentile99.0 numeric
@attribute audSpec_Rfilt_sma_de[4]_pctlrange0-1 numeric
@attribute audSpec_Rfilt_sma_de[4]_stddev numeric
@attribute audSpec_Rfilt_sma_de[4]_skewness numeric
@attribute audSpec_Rfilt_sma_de[4]_kurtosis numeric
@attribute audSpec_Rfilt_sma_de[4]_meanSegLen numeric
@attribute audSpec_Rfilt_sma_de[4]_maxSegLen numeric
@attribute audSpec_Rfilt_sma_de[4]_minSegLen numeric
@attribute audSpec_Rfilt_sma_de[4]_segLenStddev numeric
@attribute audSpec_Rfilt_sma_de[4]_upleveltime25 numeric
@attribute audSpec_Rfilt_sma_de[4]_upleveltime50 numeric
@attribute audSpec_Rfilt_sma_de[4]_upleveltime75 numeric
@attribute audSpec_Rfilt_sma_de[4]_upleveltime90 numeric
@attribute audSpec_Rfilt_sma_de[4]_risetime numeric
@attribute audSpec_Rfilt_sma_de[4]_leftctime numeric
@attribute audSpec_Rfilt_sma_de[4]_lpgain numeric
@attribute audSpec_Rfilt_sma_de[4]_lpc0 numeric
@attribute audSpec_Rfilt_sma_de[4]_lpc1 numeric
@attribute audSpec_Rfilt_sma_de[4]_lpc2 numeric
@attribute audSpec_Rfilt_sma_de[4]_lpc3 numeric
@attribute audSpec_Rfilt_sma_de[4]_lpc4 numeric
@attribute audSpec_Rfilt_sma_de[5]_range numeric
@attribute audSpec_Rfilt_sma_de[5]_maxPos numeric
@attribute audSpec_Rfilt_sma_de[5]_minPos numeric
@attribute audSpec_Rfilt_sma_de[5]_quartile1 numeric
@attribute audSpec_Rfilt_sma_de[5]_quartile2 numeric
@attribute audSpec_Rfilt_sma_de[5]_quartile3 numeric
@attribute audSpec_Rfilt_sma_de[5]_iqr1-2 numeric
@attribute audSpec_Rfilt_sma_de[5]_iqr2-3 numeric
@attribute audSpec_Rfilt_sma_de[5]_iqr1-3 numeric
@attribute audSpec_Rfilt_sma_de[5]_percentile1.0 numeric
@attribute audSpec_Rfilt_sma_de[5]_percentile99.0 numeric
@attribute audSpec_Rfilt_sma_de[5]_pctlrange0-1 numeric
@attribute audSpec_Rfilt_sma_de[5]_stddev numeric
@attribute audSpec_Rfilt_sma_de[5]_skewness numeric
@attribute audSpec_Rfilt_sma_de[5]_kurtosis numeric
@attribute audSpec_Rfilt_sma_de[5]_meanSegLen numeric
@attribute audSpec_Rfilt_sma_de[5]_maxSegLen numeric
@attribute audSpec_Rfilt_sma_de[5]_minSegLen numeric
@attribute audSpec_Rfilt_sma_de[5]_segLenStddev numeric
@attribute audSpec_Rfilt_sma_de[5]_upleveltime25 numeric
@attribute audSpec_Rfilt_sma_de[5]_upleveltime50 numeric
@attribute audSpec_Rfilt_sma_de[5]_upleveltime75 numeric
@attribute audSpec_Rfilt_sma_de[5]_upleveltime90 numeric
@attribute audSpec_Rfilt_sma_de[5]_risetime numeric
@attribute audSpec_Rfilt_sma_de[5]_leftctime numeric
@attribute audSpec_Rfilt_sma_de[5]_lpgain numeric
@attribute audSpec_Rfilt_sma_de[5]_lpc0 numeric
@attribute audSpec_Rfilt_sma_de[5]_lpc1 numeric
@attribute audSpec_Rfilt_sma_de[5]_lpc2 numeric
@attribute audSpec_Rfilt_sma_de[5]_lpc3 numeric
@attribute audSpec_Rfilt_sma_de[5]_lpc4 numeric
@attribute audSpec_Rfilt_sma_de[6]_range numeric
@attribute audSpec_Rfilt_sma_de[6]_maxPos numeric
@attribute audSpec_Rfilt_sma_de[6]_minPos numeric
@attribute audSpec_Rfilt_sma_de[6]_quartile1 numeric
@attribute audSpec_Rfilt_sma_de[6]_quartile2 numeric
@attribute audSpec_Rfilt_sma_de[6]_quartile3 numeric
@attribute audSpec_Rfilt_sma_de[6]_iqr1-2 numeric
@attribute audSpec_Rfilt_sma_de[6]_iqr2-3 numeric
@attribute audSpec_Rfilt_sma_de[6]_iqr1-3 numeric
@attribute audSpec_Rfilt_sma_de[6]_percentile1.0 numeric
@attribute audSpec_Rfilt_sma_de[6]_percentile99.0 numeric
@attribute audSpec_Rfilt_sma_de[6]_pctlrange0-1 numeric
@attribute audSpec_Rfilt_sma_de[6]_stddev numeric
@attribute audSpec_Rfilt_sma_de[6]_skewness numeric
@attribute audSpec_Rfilt_sma_de[6]_kurtosis numeric
@attribute audSpec_Rfilt_sma_de[6]_meanSegLen numeric
@attribute audSpec_Rfilt_sma_de[6]_maxSegLen numeric
@attribute audSpec_Rfilt_sma_de[6]_minSegLen numeric
@attribute audSpec_Rfilt_sma_de[6]_segLenStddev numeric
@attribute audSpec_Rfilt_sma_de[6]_upleveltime25 numeric
@attribute audSpec_Rfilt_sma_de[6]_upleveltime50 numeric
@attribute audSpec_Rfilt_sma_de[6]_upleveltime75 numeric
@attribute audSpec_Rfilt_sma_de[6]_upleveltime90 numeric
@attribute audSpec_Rfilt_sma_de[6]_risetime numeric
@attribute audSpec_Rfilt_sma_de[6]_leftctime numeric
@attribute audSpec_Rfilt_sma_de[6]_lpgain numeric
@attribute audSpec_Rfilt_sma_de[6]_lpc0 numeric
@attribute audSpec_Rfilt_sma_de[6]_lpc1 numeric
@attribute audSpec_Rfilt_sma_de[6]_lpc2 numeric
@attribute audSpec_Rfilt_sma_de[6]_lpc3 numeric
@attribute audSpec_Rfilt_sma_de[6]_lpc4 numeric
@attribute audSpec_Rfilt_sma_de[7]_range numeric
@attribute audSpec_Rfilt_sma_de[7]_maxPos numeric
@attribute audSpec_Rfilt_sma_de[7]_minPos numeric
@attribute audSpec_Rfilt_sma_de[7]_quartile1 numeric
@attribute audSpec_Rfilt_sma_de[7]_quartile2 numeric
@attribute audSpec_Rfilt_sma_de[7]_quartile3 numeric
@attribute audSpec_Rfilt_sma_de[7]_iqr1-2 numeric
@attribute audSpec_Rfilt_sma_de[7]_iqr2-3 numeric
@attribute audSpec_Rfilt_sma_de[7]_iqr1-3 numeric
@attribute audSpec_Rfilt_sma_de[7]_percentile1.0 numeric
@attribute audSpec_Rfilt_sma_de[7]_percentile99.0 numeric
@attribute audSpec_Rfilt_sma_de[7]_pctlrange0-1 numeric
@attribute audSpec_Rfilt_sma_de[7]_stddev numeric
@attribute audSpec_Rfilt_sma_de[7]_skewness numeric
@attribute audSpec_Rfilt_sma_de[7]_kurtosis numeric
@attribute audSpec_Rfilt_sma_de[7]_meanSegLen numeric
@attribute audSpec_Rfilt_sma_de[7]_maxSegLen numeric
@attribute audSpec_Rfilt_sma_de[7]_minSegLen numeric
@attribute audSpec_Rfilt_sma_de[7]_segLenStddev numeric
@attribute audSpec_Rfilt_sma_de[7]_upleveltime25 numeric
@attribute audSpec_Rfilt_sma_de[7]_upleveltime50 numeric
@attribute audSpec_Rfilt_sma_de[7]_upleveltime75 numeric
@attribute audSpec_Rfilt_sma_de[7]_upleveltime90 numeric
@attribute audSpec_Rfilt_sma_de[7]_risetime numeric
@attribute audSpec_Rfilt_sma_de[7]_leftctime numeric
@attribute audSpec_Rfilt_sma_de[7]_lpgain numeric
@attribute audSpec_Rfilt_sma_de[7]_lpc0 numeric
@attribute audSpec_Rfilt_sma_de[7]_lpc1 numeric
@attribute audSpec_Rfilt_sma_de[7]_lpc2 numeric
@attribute audSpec_Rfilt_sma_de[7]_lpc3 numeric
@attribute audSpec_Rfilt_sma_de[7]_lpc4 numeric
@attribute audSpec_Rfilt_sma_de[8]_range numeric
@attribute audSpec_Rfilt_sma_de[8]_maxPos numeric
@attribute audSpec_Rfilt_sma_de[8]_minPos numeric
@attribute audSpec_Rfilt_sma_de[8]_quartile1 numeric
@attribute audSpec_Rfilt_sma_de[8]_quartile2 numeric
@attribute audSpec_Rfilt_sma_de[8]_quartile3 numeric
@attribute audSpec_Rfilt_sma_de[8]_iqr1-2 numeric
@attribute audSpec_Rfilt_sma_de[8]_iqr2-3 numeric
@attribute audSpec_Rfilt_sma_de[8]_iqr1-3 numeric
@attribute audSpec_Rfilt_sma_de[8]_percentile1.0 numeric
@attribute audSpec_Rfilt_sma_de[8]_percentile99.0 numeric
@attribute audSpec_Rfilt_sma_de[8]_pctlrange0-1 numeric
@attribute audSpec_Rfilt_sma_de[8]_stddev numeric
@attribute audSpec_Rfilt_sma_de[8]_skewness numeric
@attribute audSpec_Rfilt_sma_de[8]_kurtosis numeric
@attribute audSpec_Rfilt_sma_de[8]_meanSegLen numeric
@attribute audSpec_Rfilt_sma_de[8]_maxSegLen numeric
@attribute audSpec_Rfilt_sma_de[8]_minSegLen numeric
@attribute audSpec_Rfilt_sma_de[8]_segLenStddev numeric
@attribute audSpec_Rfilt_sma_de[8]_upleveltime25 numeric
@attribute audSpec_Rfilt_sma_de[8]_upleveltime50 numeric
@attribute audSpec_Rfilt_sma_de[8]_upleveltime75 numeric
@attribute audSpec_Rfilt_sma_de[8]_upleveltime90 numeric
@attribute audSpec_Rfilt_sma_de[8]_risetime numeric
@attribute audSpec_Rfilt_sma_de[8]_leftctime numeric
@attribute audSpec_Rfilt_sma_de[8]_lpgain numeric
@attribute audSpec_Rfilt_sma_de[8]_lpc0 numeric
@attribute audSpec_Rfilt_sma_de[8]_lpc1 numeric
@attribute audSpec_Rfilt_sma_de[8]_lpc2 numeric
@attribute audSpec_Rfilt_sma_de[8]_lpc3 numeric
@attribute audSpec_Rfilt_sma_de[8]_lpc4 numeric
@attribute audSpec_Rfilt_sma_de[9]_range numeric
@attribute audSpec_Rfilt_sma_de[9]_maxPos numeric
@attribute audSpec_Rfilt_sma_de[9]_minPos numeric
@attribute audSpec_Rfilt_sma_de[9]_quartile1 numeric
@attribute audSpec_Rfilt_sma_de[9]_quartile2 numeric
@attribute audSpec_Rfilt_sma_de[9]_quartile3 numeric
@attribute audSpec_Rfilt_sma_de[9]_iqr1-2 numeric
@attribute audSpec_Rfilt_sma_de[9]_iqr2-3 numeric
@attribute audSpec_Rfilt_sma_de[9]_iqr1-3 numeric
@attribute audSpec_Rfilt_sma_de[9]_percentile1.0 numeric
@attribute audSpec_Rfilt_sma_de[9]_percentile99.0 numeric
@attribute audSpec_Rfilt_sma_de[9]_pctlrange0-1 numeric
@attribute audSpec_Rfilt_sma_de[9]_stddev numeric
@attribute audSpec_Rfilt_sma_de[9]_skewness numeric
@attribute audSpec_Rfilt_sma_de[9]_kurtosis numeric
@attribute audSpec_Rfilt_sma_de[9]_meanSegLen numeric
@attribute audSpec_Rfilt_sma_de[9]_maxSegLen numeric
@attribute audSpec_Rfilt_sma_de[9]_minSegLen numeric
@attribute audSpec_Rfilt_sma_de[9]_segLenStddev numeric
@attribute audSpec_Rfilt_sma_de[9]_upleveltime25 numeric
@attribute audSpec_Rfilt_sma_de[9]_upleveltime50 numeric
@attribute audSpec_Rfilt_sma_de[9]_upleveltime75 numeric
@attribute audSpec_Rfilt_sma_de[9]_upleveltime90 numeric
@attribute audSpec_Rfilt_sma_de[9]_risetime numeric
@attribute audSpec_Rfilt_sma_de[9]_leftctime numeric
@attribute audSpec_Rfilt_sma_de[9]_lpgain numeric
@attribute audSpec_Rfilt_sma_de[9]_lpc0 numeric
@attribute audSpec_Rfilt_sma_de[9]_lpc1 numeric
@attribute audSpec_Rfilt_sma_de[9]_lpc2 numeric
@attribute audSpec_Rfilt_sma_de[9]_lpc3 numeric
@attribute audSpec_Rfilt_sma_de[9]_lpc4 numeric
@attribute audSpec_Rfilt_sma_de[10]_range numeric
@attribute audSpec_Rfilt_sma_de[10]_maxPos numeric
@attribute audSpec_Rfilt_sma_de[10]_minPos numeric
@attribute audSpec_Rfilt_sma_de[10]_quartile1 numeric
@attribute audSpec_Rfilt_sma_de[10]_quartile2 numeric
@attribute audSpec_Rfilt_sma_de[10]_quartile3 numeric
@attribute audSpec_Rfilt_sma_de[10]_iqr1-2 numeric
@attribute audSpec_Rfilt_sma_de[10]_iqr2-3 numeric
@attribute audSpec_Rfilt_sma_de[10]_iqr1-3 numeric
@attribute audSpec_Rfilt_sma_de[10]_percentile1.0 numeric
@attribute audSpec_Rfilt_sma_de[10]_percentile99.0 numeric
@attribute audSpec_Rfilt_sma_de[10]_pctlrange0-1 numeric
@attribute audSpec_Rfilt_sma_de[10]_stddev numeric
@attribute audSpec_Rfilt_sma_de[10]_skewness numeric
@attribute audSpec_Rfilt_sma_de[10]_kurtosis numeric
@attribute audSpec_Rfilt_sma_de[10]_meanSegLen numeric
@attribute audSpec_Rfilt_sma_de[10]_maxSegLen numeric
@attribute audSpec_Rfilt_sma_de[10]_minSegLen numeric
@attribute audSpec_Rfilt_sma_de[10]_segLenStddev numeric
@attribute audSpec_Rfilt_sma_de[10]_upleveltime25 numeric
@attribute audSpec_Rfilt_sma_de[10]_upleveltime50 numeric
@attribute audSpec_Rfilt_sma_de[10]_upleveltime75 numeric
@attribute audSpec_Rfilt_sma_de[10]_upleveltime90 numeric
@attribute audSpec_Rfilt_sma_de[10]_risetime numeric
@attribute audSpec_Rfilt_sma_de[10]_leftctime numeric
@attribute audSpec_Rfilt_sma_de[10]_lpgain numeric
@attribute audSpec_Rfilt_sma_de[10]_lpc0 numeric
@attribute audSpec_Rfilt_sma_de[10]_lpc1 numeric
@attribute audSpec_Rfilt_sma_de[10]_lpc2 numeric
@attribute audSpec_Rfilt_sma_de[10]_lpc3 numeric
@attribute audSpec_Rfilt_sma_de[10]_lpc4 numeric
@attribute audSpec_Rfilt_sma_de[11]_range numeric
@attribute audSpec_Rfilt_sma_de[11]_maxPos numeric
@attribute audSpec_Rfilt_sma_de[11]_minPos numeric
@attribute audSpec_Rfilt_sma_de[11]_quartile1 numeric
@attribute audSpec_Rfilt_sma_de[11]_quartile2 numeric
@attribute audSpec_Rfilt_sma_de[11]_quartile3 numeric
@attribute audSpec_Rfilt_sma_de[11]_iqr1-2 numeric
@attribute audSpec_Rfilt_sma_de[11]_iqr2-3 numeric
@attribute audSpec_Rfilt_sma_de[11]_iqr1-3 numeric
@attribute audSpec_Rfilt_sma_de[11]_percentile1.0 numeric
@attribute audSpec_Rfilt_sma_de[11]_percentile99.0 numeric
@attribute audSpec_Rfilt_sma_de[11]_pctlrange0-1 numeric
@attribute audSpec_Rfilt_sma_de[11]_stddev numeric
@attribute audSpec_Rfilt_sma_de[11]_skewness numeric
@attribute audSpec_Rfilt_sma_de[11]_kurtosis numeric
@attribute audSpec_Rfilt_sma_de[11]_meanSegLen numeric
@attribute audSpec_Rfilt_sma_de[11]_maxSegLen numeric
@attribute audSpec_Rfilt_sma_de[11]_minSegLen numeric
@attribute audSpec_Rfilt_sma_de[11]_segLenStddev numeric
@attribute audSpec_Rfilt_sma_de[11]_upleveltime25 numeric
@attribute audSpec_Rfilt_sma_de[11]_upleveltime50 numeric
@attribute audSpec_Rfilt_sma_de[11]_upleveltime75 numeric
@attribute audSpec_Rfilt_sma_de[11]_upleveltime90 numeric
@attribute audSpec_Rfilt_sma_de[11]_risetime numeric
@attribute audSpec_Rfilt_sma_de[11]_leftctime numeric
@attribute audSpec_Rfilt_sma_de[11]_lpgain numeric
@attribute audSpec_Rfilt_sma_de[11]_lpc0 numeric
@attribute audSpec_Rfilt_sma_de[11]_lpc1 numeric
@attribute audSpec_Rfilt_sma_de[11]_lpc2 numeric
@attribute audSpec_Rfilt_sma_de[11]_lpc3 numeric
@attribute audSpec_Rfilt_sma_de[11]_lpc4 numeric
@attribute audSpec_Rfilt_sma_de[12]_range numeric
@attribute audSpec_Rfilt_sma_de[12]_maxPos numeric
@attribute audSpec_Rfilt_sma_de[12]_minPos numeric
@attribute audSpec_Rfilt_sma_de[12]_quartile1 numeric
@attribute audSpec_Rfilt_sma_de[12]_quartile2 numeric
@attribute audSpec_Rfilt_sma_de[12]_quartile3 numeric
@attribute audSpec_Rfilt_sma_de[12]_iqr1-2 numeric
@attribute audSpec_Rfilt_sma_de[12]_iqr2-3 numeric
@attribute audSpec_Rfilt_sma_de[12]_iqr1-3 numeric
@attribute audSpec_Rfilt_sma_de[12]_percentile1.0 numeric
@attribute audSpec_Rfilt_sma_de[12]_percentile99.0 numeric
@attribute audSpec_Rfilt_sma_de[12]_pctlrange0-1 numeric
@attribute audSpec_Rfilt_sma_de[12]_stddev numeric
@attribute audSpec_Rfilt_sma_de[12]_skewness numeric
@attribute audSpec_Rfilt_sma_de[12]_kurtosis numeric
@attribute audSpec_Rfilt_sma_de[12]_meanSegLen numeric
@attribute audSpec_Rfilt_sma_de[12]_maxSegLen numeric
@attribute audSpec_Rfilt_sma_de[12]_minSegLen numeric
@attribute audSpec_Rfilt_sma_de[12]_segLenStddev numeric
@attribute audSpec_Rfilt_sma_de[12]_upleveltime25 numeric
@attribute audSpec_Rfilt_sma_de[12]_upleveltime50 numeric
@attribute audSpec_Rfilt_sma_de[12]_upleveltime75 numeric
@attribute audSpec_Rfilt_sma_de[12]_upleveltime90 numeric
@attribute audSpec_Rfilt_sma_de[12]_risetime numeric
@attribute audSpec_Rfilt_sma_de[12]_leftctime numeric
@attribute audSpec_Rfilt_sma_de[12]_lpgain numeric
@attribute audSpec_Rfilt_sma_de[12]_lpc0 numeric
@attribute audSpec_Rfilt_sma_de[12]_lpc1 numeric
@attribute audSpec_Rfilt_sma_de[12]_lpc2 numeric
@attribute audSpec_Rfilt_sma_de[12]_lpc3 numeric
@attribute audSpec_Rfilt_sma_de[12]_lpc4 numeric
@attribute audSpec_Rfilt_sma_de[13]_range numeric
@attribute audSpec_Rfilt_sma_de[13]_maxPos numeric
@attribute audSpec_Rfilt_sma_de[13]_minPos numeric
@attribute audSpec_Rfilt_sma_de[13]_quartile1 numeric
@attribute audSpec_Rfilt_sma_de[13]_quartile2 numeric
@attribute audSpec_Rfilt_sma_de[13]_quartile3 numeric
@attribute audSpec_Rfilt_sma_de[13]_iqr1-2 numeric
@attribute audSpec_Rfilt_sma_de[13]_iqr2-3 numeric
@attribute audSpec_Rfilt_sma_de[13]_iqr1-3 numeric
@attribute audSpec_Rfilt_sma_de[13]_percentile1.0 numeric
@attribute audSpec_Rfilt_sma_de[13]_percentile99.0 numeric
@attribute audSpec_Rfilt_sma_de[13]_pctlrange0-1 numeric
@attribute audSpec_Rfilt_sma_de[13]_stddev numeric
@attribute audSpec_Rfilt_sma_de[13]_skewness numeric
@attribute audSpec_Rfilt_sma_de[13]_kurtosis numeric
@attribute audSpec_Rfilt_sma_de[13]_meanSegLen numeric
@attribute audSpec_Rfilt_sma_de[13]_maxSegLen numeric
@attribute audSpec_Rfilt_sma_de[13]_minSegLen numeric
@attribute audSpec_Rfilt_sma_de[13]_segLenStddev numeric
@attribute audSpec_Rfilt_sma_de[13]_upleveltime25 numeric
@attribute audSpec_Rfilt_sma_de[13]_upleveltime50 numeric
@attribute audSpec_Rfilt_sma_de[13]_upleveltime75 numeric
@attribute audSpec_Rfilt_sma_de[13]_upleveltime90 numeric
@attribute audSpec_Rfilt_sma_de[13]_risetime numeric
@attribute audSpec_Rfilt_sma_de[13]_leftctime numeric
@attribute audSpec_Rfilt_sma_de[13]_lpgain numeric
@attribute audSpec_Rfilt_sma_de[13]_lpc0 numeric
@attribute audSpec_Rfilt_sma_de[13]_lpc1 numeric
@attribute audSpec_Rfilt_sma_de[13]_lpc2 numeric
@attribute audSpec_Rfilt_sma_de[13]_lpc3 numeric
@attribute audSpec_Rfilt_sma_de[13]_lpc4 numeric
@attribute audSpec_Rfilt_sma_de[14]_range numeric
@attribute audSpec_Rfilt_sma_de[14]_maxPos numeric
@attribute audSpec_Rfilt_sma_de[14]_minPos numeric
@attribute audSpec_Rfilt_sma_de[14]_quartile1 numeric
@attribute audSpec_Rfilt_sma_de[14]_quartile2 numeric
@attribute audSpec_Rfilt_sma_de[14]_quartile3 numeric
@attribute audSpec_Rfilt_sma_de[14]_iqr1-2 numeric
@attribute audSpec_Rfilt_sma_de[14]_iqr2-3 numeric
@attribute audSpec_Rfilt_sma_de[14]_iqr1-3 numeric
@attribute audSpec_Rfilt_sma_de[14]_percentile1.0 numeric
@attribute audSpec_Rfilt_sma_de[14]_percentile99.0 numeric
@attribute audSpec_Rfilt_sma_de[14]_pctlrange0-1 numeric
@attribute audSpec_Rfilt_sma_de[14]_stddev numeric
@attribute audSpec_Rfilt_sma_de[14]_skewness numeric
@attribute audSpec_Rfilt_sma_de[14]_kurtosis numeric
@attribute audSpec_Rfilt_sma_de[14]_meanSegLen numeric
@attribute audSpec_Rfilt_sma_de[14]_maxSegLen numeric
@attribute audSpec_Rfilt_sma_de[14]_minSegLen numeric
@attribute audSpec_Rfilt_sma_de[14]_segLenStddev numeric
@attribute audSpec_Rfilt_sma_de[14]_upleveltime25 numeric
@attribute audSpec_Rfilt_sma_de[14]_upleveltime50 numeric
@attribute audSpec_Rfilt_sma_de[14]_upleveltime75 numeric
@attribute audSpec_Rfilt_sma_de[14]_upleveltime90 numeric
@attribute audSpec_Rfilt_sma_de[14]_risetime numeric
@attribute audSpec_Rfilt_sma_de[14]_leftctime numeric
@attribute audSpec_Rfilt_sma_de[14]_lpgain numeric
@attribute audSpec_Rfilt_sma_de[14]_lpc0 numeric
@attribute audSpec_Rfilt_sma_de[14]_lpc1 numeric
@attribute audSpec_Rfilt_sma_de[14]_lpc2 numeric
@attribute audSpec_Rfilt_sma_de[14]_lpc3 numeric
@attribute audSpec_Rfilt_sma_de[14]_lpc4 numeric
@attribute audSpec_Rfilt_sma_de[15]_range numeric
@attribute audSpec_Rfilt_sma_de[15]_maxPos numeric
@attribute audSpec_Rfilt_sma_de[15]_minPos numeric
@attribute audSpec_Rfilt_sma_de[15]_quartile1 numeric
@attribute audSpec_Rfilt_sma_de[15]_quartile2 numeric
@attribute audSpec_Rfilt_sma_de[15]_quartile3 numeric
@attribute audSpec_Rfilt_sma_de[15]_iqr1-2 numeric
@attribute audSpec_Rfilt_sma_de[15]_iqr2-3 numeric
@attribute audSpec_Rfilt_sma_de[15]_iqr1-3 numeric
@attribute audSpec_Rfilt_sma_de[15]_percentile1.0 numeric
@attribute audSpec_Rfilt_sma_de[15]_percentile99.0 numeric
@attribute audSpec_Rfilt_sma_de[15]_pctlrange0-1 numeric
@attribute audSpec_Rfilt_sma_de[15]_stddev numeric
@attribute audSpec_Rfilt_sma_de[15]_skewness numeric
@attribute audSpec_Rfilt_sma_de[15]_kurtosis numeric
@attribute audSpec_Rfilt_sma_de[15]_meanSegLen numeric
@attribute audSpec_Rfilt_sma_de[15]_maxSegLen numeric
@attribute audSpec_Rfilt_sma_de[15]_minSegLen numeric
@attribute audSpec_Rfilt_sma_de[15]_segLenStddev numeric
@attribute audSpec_Rfilt_sma_de[15]_upleveltime25 numeric
@attribute audSpec_Rfilt_sma_de[15]_upleveltime50 numeric
@attribute audSpec_Rfilt_sma_de[15]_upleveltime75 numeric
@attribute audSpec_Rfilt_sma_de[15]_upleveltime90 numeric
@attribute audSpec_Rfilt_sma_de[15]_risetime numeric
@attribute audSpec_Rfilt_sma_de[15]_leftctime numeric
@attribute audSpec_Rfilt_sma_de[15]_lpgain numeric
@attribute audSpec_Rfilt_sma_de[15]_lpc0 numeric
@attribute audSpec_Rfilt_sma_de[15]_lpc1 numeric
@attribute audSpec_Rfilt_sma_de[15]_lpc2 numeric
@attribute audSpec_Rfilt_sma_de[15]_lpc3 numeric
@attribute audSpec_Rfilt_sma_de[15]_lpc4 numeric
@attribute audSpec_Rfilt_sma_de[16]_range numeric
@attribute audSpec_Rfilt_sma_de[16]_maxPos numeric
@attribute audSpec_Rfilt_sma_de[16]_minPos numeric
@attribute audSpec_Rfilt_sma_de[16]_quartile1 numeric
@attribute audSpec_Rfilt_sma_de[16]_quartile2 numeric
@attribute audSpec_Rfilt_sma_de[16]_quartile3 numeric
@attribute audSpec_Rfilt_sma_de[16]_iqr1-2 numeric
@attribute audSpec_Rfilt_sma_de[16]_iqr2-3 numeric
@attribute audSpec_Rfilt_sma_de[16]_iqr1-3 numeric
@attribute audSpec_Rfilt_sma_de[16]_percentile1.0 numeric
@attribute audSpec_Rfilt_sma_de[16]_percentile99.0 numeric
@attribute audSpec_Rfilt_sma_de[16]_pctlrange0-1 numeric
@attribute audSpec_Rfilt_sma_de[16]_stddev numeric
@attribute audSpec_Rfilt_sma_de[16]_skewness numeric
@attribute audSpec_Rfilt_sma_de[16]_kurtosis numeric
@attribute audSpec_Rfilt_sma_de[16]_meanSegLen numeric
@attribute audSpec_Rfilt_sma_de[16]_maxSegLen numeric
@attribute audSpec_Rfilt_sma_de[16]_minSegLen numeric
@attribute audSpec_Rfilt_sma_de[16]_segLenStddev numeric
@attribute audSpec_Rfilt_sma_de[16]_upleveltime25 numeric
@attribute audSpec_Rfilt_sma_de[16]_upleveltime50 numeric
@attribute audSpec_Rfilt_sma_de[16]_upleveltime75 numeric
@attribute audSpec_Rfilt_sma_de[16]_upleveltime90 numeric
@attribute audSpec_Rfilt_sma_de[16]_risetime numeric
@attribute audSpec_Rfilt_sma_de[16]_leftctime numeric
@attribute audSpec_Rfilt_sma_de[16]_lpgain numeric
@attribute audSpec_Rfilt_sma_de[16]_lpc0 numeric
@attribute audSpec_Rfilt_sma_de[16]_lpc1 numeric
@attribute audSpec_Rfilt_sma_de[16]_lpc2 numeric
@attribute audSpec_Rfilt_sma_de[16]_lpc3 numeric
@attribute audSpec_Rfilt_sma_de[16]_lpc4 numeric
@attribute audSpec_Rfilt_sma_de[17]_range numeric
@attribute audSpec_Rfilt_sma_de[17]_maxPos numeric
@attribute audSpec_Rfilt_sma_de[17]_minPos numeric
@attribute audSpec_Rfilt_sma_de[17]_quartile1 numeric
@attribute audSpec_Rfilt_sma_de[17]_quartile2 numeric
@attribute audSpec_Rfilt_sma_de[17]_quartile3 numeric
@attribute audSpec_Rfilt_sma_de[17]_iqr1-2 numeric
@attribute audSpec_Rfilt_sma_de[17]_iqr2-3 numeric
@attribute audSpec_Rfilt_sma_de[17]_iqr1-3 numeric
@attribute audSpec_Rfilt_sma_de[17]_percentile1.0 numeric
@attribute audSpec_Rfilt_sma_de[17]_percentile99.0 numeric
@attribute audSpec_Rfilt_sma_de[17]_pctlrange0-1 numeric
@attribute audSpec_Rfilt_sma_de[17]_stddev numeric
@attribute audSpec_Rfilt_sma_de[17]_skewness numeric
@attribute audSpec_Rfilt_sma_de[17]_kurtosis numeric
@attribute audSpec_Rfilt_sma_de[17]_meanSegLen numeric
@attribute audSpec_Rfilt_sma_de[17]_maxSegLen numeric
@attribute audSpec_Rfilt_sma_de[17]_minSegLen numeric
@attribute audSpec_Rfilt_sma_de[17]_segLenStddev numeric
@attribute audSpec_Rfilt_sma_de[17]_upleveltime25 numeric
@attribute audSpec_Rfilt_sma_de[17]_upleveltime50 numeric
@attribute audSpec_Rfilt_sma_de[17]_upleveltime75 numeric
@attribute audSpec_Rfilt_sma_de[17]_upleveltime90 numeric
@attribute audSpec_Rfilt_sma_de[17]_risetime numeric
@attribute audSpec_Rfilt_sma_de[17]_leftctime numeric
@attribute audSpec_Rfilt_sma_de[17]_lpgain numeric
@attribute audSpec_Rfilt_sma_de[17]_lpc0 numeric
@attribute audSpec_Rfilt_sma_de[17]_lpc1 numeric
@attribute audSpec_Rfilt_sma_de[17]_lpc2 numeric
@attribute audSpec_Rfilt_sma_de[17]_lpc3 numeric
@attribute audSpec_Rfilt_sma_de[17]_lpc4 numeric
@attribute audSpec_Rfilt_sma_de[18]_range numeric
@attribute audSpec_Rfilt_sma_de[18]_maxPos numeric
@attribute audSpec_Rfilt_sma_de[18]_minPos numeric
@attribute audSpec_Rfilt_sma_de[18]_quartile1 numeric
@attribute audSpec_Rfilt_sma_de[18]_quartile2 numeric
@attribute audSpec_Rfilt_sma_de[18]_quartile3 numeric
@attribute audSpec_Rfilt_sma_de[18]_iqr1-2 numeric
@attribute audSpec_Rfilt_sma_de[18]_iqr2-3 numeric
@attribute audSpec_Rfilt_sma_de[18]_iqr1-3 numeric
@attribute audSpec_Rfilt_sma_de[18]_percentile1.0 numeric
@attribute audSpec_Rfilt_sma_de[18]_percentile99.0 numeric
@attribute audSpec_Rfilt_sma_de[18]_pctlrange0-1 numeric
@attribute audSpec_Rfilt_sma_de[18]_stddev numeric
@attribute audSpec_Rfilt_sma_de[18]_skewness numeric
@attribute audSpec_Rfilt_sma_de[18]_kurtosis numeric
@attribute audSpec_Rfilt_sma_de[18]_meanSegLen numeric
@attribute audSpec_Rfilt_sma_de[18]_maxSegLen numeric
@attribute audSpec_Rfilt_sma_de[18]_minSegLen numeric
@attribute audSpec_Rfilt_sma_de[18]_segLenStddev numeric
@attribute audSpec_Rfilt_sma_de[18]_upleveltime25 numeric
@attribute audSpec_Rfilt_sma_de[18]_upleveltime50 numeric
@attribute audSpec_Rfilt_sma_de[18]_upleveltime75 numeric
@attribute audSpec_Rfilt_sma_de[18]_upleveltime90 numeric
@attribute audSpec_Rfilt_sma_de[18]_risetime numeric
@attribute audSpec_Rfilt_sma_de[18]_leftctime numeric
@attribute audSpec_Rfilt_sma_de[18]_lpgain numeric
@attribute audSpec_Rfilt_sma_de[18]_lpc0 numeric
@attribute audSpec_Rfilt_sma_de[18]_lpc1 numeric
@attribute audSpec_Rfilt_sma_de[18]_lpc2 numeric
@attribute audSpec_Rfilt_sma_de[18]_lpc3 numeric
@attribute audSpec_Rfilt_sma_de[18]_lpc4 numeric
@attribute audSpec_Rfilt_sma_de[19]_range numeric
@attribute audSpec_Rfilt_sma_de[19]_maxPos numeric
@attribute audSpec_Rfilt_sma_de[19]_minPos numeric
@attribute audSpec_Rfilt_sma_de[19]_quartile1 numeric
@attribute audSpec_Rfilt_sma_de[19]_quartile2 numeric
@attribute audSpec_Rfilt_sma_de[19]_quartile3 numeric
@attribute audSpec_Rfilt_sma_de[19]_iqr1-2 numeric
@attribute audSpec_Rfilt_sma_de[19]_iqr2-3 numeric
@attribute audSpec_Rfilt_sma_de[19]_iqr1-3 numeric
@attribute audSpec_Rfilt_sma_de[19]_percentile1.0 numeric
@attribute audSpec_Rfilt_sma_de[19]_percentile99.0 numeric
@attribute audSpec_Rfilt_sma_de[19]_pctlrange0-1 numeric
@attribute audSpec_Rfilt_sma_de[19]_stddev numeric
@attribute audSpec_Rfilt_sma_de[19]_skewness numeric
@attribute audSpec_Rfilt_sma_de[19]_kurtosis numeric
@attribute audSpec_Rfilt_sma_de[19]_meanSegLen numeric
@attribute audSpec_Rfilt_sma_de[19]_maxSegLen numeric
@attribute audSpec_Rfilt_sma_de[19]_minSegLen numeric
@attribute audSpec_Rfilt_sma_de[19]_segLenStddev numeric
@attribute audSpec_Rfilt_sma_de[19]_upleveltime25 numeric
@attribute audSpec_Rfilt_sma_de[19]_upleveltime50 numeric
@attribute audSpec_Rfilt_sma_de[19]_upleveltime75 numeric
@attribute audSpec_Rfilt_sma_de[19]_upleveltime90 numeric
@attribute audSpec_Rfilt_sma_de[19]_risetime numeric
@attribute audSpec_Rfilt_sma_de[19]_leftctime numeric
@attribute audSpec_Rfilt_sma_de[19]_lpgain numeric
@attribute audSpec_Rfilt_sma_de[19]_lpc0 numeric
@attribute audSpec_Rfilt_sma_de[19]_lpc1 numeric
@attribute audSpec_Rfilt_sma_de[19]_lpc2 numeric
@attribute audSpec_Rfilt_sma_de[19]_lpc3 numeric
@attribute audSpec_Rfilt_sma_de[19]_lpc4 numeric
@attribute audSpec_Rfilt_sma_de[20]_range numeric
@attribute audSpec_Rfilt_sma_de[20]_maxPos numeric
@attribute audSpec_Rfilt_sma_de[20]_minPos numeric
@attribute audSpec_Rfilt_sma_de[20]_quartile1 numeric
@attribute audSpec_Rfilt_sma_de[20]_quartile2 numeric
@attribute audSpec_Rfilt_sma_de[20]_quartile3 numeric
@attribute audSpec_Rfilt_sma_de[20]_iqr1-2 numeric
@attribute audSpec_Rfilt_sma_de[20]_iqr2-3 numeric
@attribute audSpec_Rfilt_sma_de[20]_iqr1-3 numeric
@attribute audSpec_Rfilt_sma_de[20]_percentile1.0 numeric
@attribute audSpec_Rfilt_sma_de[20]_percentile99.0 numeric
@attribute audSpec_Rfilt_sma_de[20]_pctlrange0-1 numeric
@attribute audSpec_Rfilt_sma_de[20]_stddev numeric
@attribute audSpec_Rfilt_sma_de[20]_skewness numeric
@attribute audSpec_Rfilt_sma_de[20]_kurtosis numeric
@attribute audSpec_Rfilt_sma_de[20]_meanSegLen numeric
@attribute audSpec_Rfilt_sma_de[20]_maxSegLen numeric
@attribute audSpec_Rfilt_sma_de[20]_minSegLen numeric
@attribute audSpec_Rfilt_sma_de[20]_segLenStddev numeric
@attribute audSpec_Rfilt_sma_de[20]_upleveltime25 numeric
@attribute audSpec_Rfilt_sma_de[20]_upleveltime50 numeric
@attribute audSpec_Rfilt_sma_de[20]_upleveltime75 numeric
@attribute audSpec_Rfilt_sma_de[20]_upleveltime90 numeric
@attribute audSpec_Rfilt_sma_de[20]_risetime numeric
@attribute audSpec_Rfilt_sma_de[20]_leftctime numeric
@attribute audSpec_Rfilt_sma_de[20]_lpgain numeric
@attribute audSpec_Rfilt_sma_de[20]_lpc0 numeric
@attribute audSpec_Rfilt_sma_de[20]_lpc1 numeric
@attribute audSpec_Rfilt_sma_de[20]_lpc2 numeric
@attribute audSpec_Rfilt_sma_de[20]_lpc3 numeric
@attribute audSpec_Rfilt_sma_de[20]_lpc4 numeric
@attribute audSpec_Rfilt_sma_de[21]_range numeric
@attribute audSpec_Rfilt_sma_de[21]_maxPos numeric
@attribute audSpec_Rfilt_sma_de[21]_minPos numeric
@attribute audSpec_Rfilt_sma_de[21]_quartile1 numeric
@attribute audSpec_Rfilt_sma_de[21]_quartile2 numeric
@attribute audSpec_Rfilt_sma_de[21]_quartile3 numeric
@attribute audSpec_Rfilt_sma_de[21]_iqr1-2 numeric
@attribute audSpec_Rfilt_sma_de[21]_iqr2-3 numeric
@attribute audSpec_Rfilt_sma_de[21]_iqr1-3 numeric
@attribute audSpec_Rfilt_sma_de[21]_percentile1.0 numeric
@attribute audSpec_Rfilt_sma_de[21]_percentile99.0 numeric
@attribute audSpec_Rfilt_sma_de[21]_pctlrange0-1 numeric
@attribute audSpec_Rfilt_sma_de[21]_stddev numeric
@attribute audSpec_Rfilt_sma_de[21]_skewness numeric
@attribute audSpec_Rfilt_sma_de[21]_kurtosis numeric
@attribute audSpec_Rfilt_sma_de[21]_meanSegLen numeric
@attribute audSpec_Rfilt_sma_de[21]_maxSegLen numeric
@attribute audSpec_Rfilt_sma_de[21]_minSegLen numeric
@attribute audSpec_Rfilt_sma_de[21]_segLenStddev numeric
@attribute audSpec_Rfilt_sma_de[21]_upleveltime25 numeric
@attribute audSpec_Rfilt_sma_de[21]_upleveltime50 numeric
@attribute audSpec_Rfilt_sma_de[21]_upleveltime75 numeric
@attribute audSpec_Rfilt_sma_de[21]_upleveltime90 numeric
@attribute audSpec_Rfilt_sma_de[21]_risetime numeric
@attribute audSpec_Rfilt_sma_de[21]_leftctime numeric
@attribute audSpec_Rfilt_sma_de[21]_lpgain numeric
@attribute audSpec_Rfilt_sma_de[21]_lpc0 numeric
@attribute audSpec_Rfilt_sma_de[21]_lpc1 numeric
@attribute audSpec_Rfilt_sma_de[21]_lpc2 numeric
@attribute audSpec_Rfilt_sma_de[21]_lpc3 numeric
@attribute audSpec_Rfilt_sma_de[21]_lpc4 numeric
@attribute audSpec_Rfilt_sma_de[22]_range numeric
@attribute audSpec_Rfilt_sma_de[22]_maxPos numeric
@attribute audSpec_Rfilt_sma_de[22]_minPos numeric
@attribute audSpec_Rfilt_sma_de[22]_quartile1 numeric
@attribute audSpec_Rfilt_sma_de[22]_quartile2 numeric
@attribute audSpec_Rfilt_sma_de[22]_quartile3 numeric
@attribute audSpec_Rfilt_sma_de[22]_iqr1-2 numeric
@attribute audSpec_Rfilt_sma_de[22]_iqr2-3 numeric
@attribute audSpec_Rfilt_sma_de[22]_iqr1-3 numeric
@attribute audSpec_Rfilt_sma_de[22]_percentile1.0 numeric
@attribute audSpec_Rfilt_sma_de[22]_percentile99.0 numeric
@attribute audSpec_Rfilt_sma_de[22]_pctlrange0-1 numeric
@attribute audSpec_Rfilt_sma_de[22]_stddev numeric
@attribute audSpec_Rfilt_sma_de[22]_skewness numeric
@attribute audSpec_Rfilt_sma_de[22]_kurtosis numeric
@attribute audSpec_Rfilt_sma_de[22]_meanSegLen numeric
@attribute audSpec_Rfilt_sma_de[22]_maxSegLen numeric
@attribute audSpec_Rfilt_sma_de[22]_minSegLen numeric
@attribute audSpec_Rfilt_sma_de[22]_segLenStddev numeric
@attribute audSpec_Rfilt_sma_de[22]_upleveltime25 numeric
@attribute audSpec_Rfilt_sma_de[22]_upleveltime50 numeric
@attribute audSpec_Rfilt_sma_de[22]_upleveltime75 numeric
@attribute audSpec_Rfilt_sma_de[22]_upleveltime90 numeric
@attribute audSpec_Rfilt_sma_de[22]_risetime numeric
@attribute audSpec_Rfilt_sma_de[22]_leftctime numeric
@attribute audSpec_Rfilt_sma_de[22]_lpgain numeric
@attribute audSpec_Rfilt_sma_de[22]_lpc0 numeric
@attribute audSpec_Rfilt_sma_de[22]_lpc1 numeric
@attribute audSpec_Rfilt_sma_de[22]_lpc2 numeric
@attribute audSpec_Rfilt_sma_de[22]_lpc3 numeric
@attribute audSpec_Rfilt_sma_de[22]_lpc4 numeric
@attribute audSpec_Rfilt_sma_de[23]_range numeric
@attribute audSpec_Rfilt_sma_de[23]_maxPos numeric
@attribute audSpec_Rfilt_sma_de[23]_minPos numeric
@attribute audSpec_Rfilt_sma_de[23]_quartile1 numeric
@attribute audSpec_Rfilt_sma_de[23]_quartile2 numeric
@attribute audSpec_Rfilt_sma_de[23]_quartile3 numeric
@attribute audSpec_Rfilt_sma_de[23]_iqr1-2 numeric
@attribute audSpec_Rfilt_sma_de[23]_iqr2-3 numeric
@attribute audSpec_Rfilt_sma_de[23]_iqr1-3 numeric
@attribute audSpec_Rfilt_sma_de[23]_percentile1.0 numeric
@attribute audSpec_Rfilt_sma_de[23]_percentile99.0 numeric
@attribute audSpec_Rfilt_sma_de[23]_pctlrange0-1 numeric
@attribute audSpec_Rfilt_sma_de[23]_stddev numeric
@attribute audSpec_Rfilt_sma_de[23]_skewness numeric
@attribute audSpec_Rfilt_sma_de[23]_kurtosis numeric
@attribute audSpec_Rfilt_sma_de[23]_meanSegLen numeric
@attribute audSpec_Rfilt_sma_de[23]_maxSegLen numeric
@attribute audSpec_Rfilt_sma_de[23]_minSegLen numeric
@attribute audSpec_Rfilt_sma_de[23]_segLenStddev numeric
@attribute audSpec_Rfilt_sma_de[23]_upleveltime25 numeric
@attribute audSpec_Rfilt_sma_de[23]_upleveltime50 numeric
@attribute audSpec_Rfilt_sma_de[23]_upleveltime75 numeric
@attribute audSpec_Rfilt_sma_de[23]_upleveltime90 numeric
@attribute audSpec_Rfilt_sma_de[23]_risetime numeric
@attribute audSpec_Rfilt_sma_de[23]_leftctime numeric
@attribute audSpec_Rfilt_sma_de[23]_lpgain numeric
@attribute audSpec_Rfilt_sma_de[23]_lpc0 numeric
@attribute audSpec_Rfilt_sma_de[23]_lpc1 numeric
@attribute audSpec_Rfilt_sma_de[23]_lpc2 numeric
@attribute audSpec_Rfilt_sma_de[23]_lpc3 numeric
@attribute audSpec_Rfilt_sma_de[23]_lpc4 numeric
@attribute audSpec_Rfilt_sma_de[24]_range numeric
@attribute audSpec_Rfilt_sma_de[24]_maxPos numeric
@attribute audSpec_Rfilt_sma_de[24]_minPos numeric
@attribute audSpec_Rfilt_sma_de[24]_quartile1 numeric
@attribute audSpec_Rfilt_sma_de[24]_quartile2 numeric
@attribute audSpec_Rfilt_sma_de[24]_quartile3 numeric
@attribute audSpec_Rfilt_sma_de[24]_iqr1-2 numeric
@attribute audSpec_Rfilt_sma_de[24]_iqr2-3 numeric
@attribute audSpec_Rfilt_sma_de[24]_iqr1-3 numeric
@attribute audSpec_Rfilt_sma_de[24]_percentile1.0 numeric
@attribute audSpec_Rfilt_sma_de[24]_percentile99.0 numeric
@attribute audSpec_Rfilt_sma_de[24]_pctlrange0-1 numeric
@attribute audSpec_Rfilt_sma_de[24]_stddev numeric
@attribute audSpec_Rfilt_sma_de[24]_skewness numeric
@attribute audSpec_Rfilt_sma_de[24]_kurtosis numeric
@attribute audSpec_Rfilt_sma_de[24]_meanSegLen numeric
@attribute audSpec_Rfilt_sma_de[24]_maxSegLen numeric
@attribute audSpec_Rfilt_sma_de[24]_minSegLen numeric
@attribute audSpec_Rfilt_sma_de[24]_segLenStddev numeric
@attribute audSpec_Rfilt_sma_de[24]_upleveltime25 numeric
@attribute audSpec_Rfilt_sma_de[24]_upleveltime50 numeric
@attribute audSpec_Rfilt_sma_de[24]_upleveltime75 numeric
@attribute audSpec_Rfilt_sma_de[24]_upleveltime90 numeric
@attribute audSpec_Rfilt_sma_de[24]_risetime numeric
@attribute audSpec_Rfilt_sma_de[24]_leftctime numeric
@attribute audSpec_Rfilt_sma_de[24]_lpgain numeric
@attribute audSpec_Rfilt_sma_de[24]_lpc0 numeric
@attribute audSpec_Rfilt_sma_de[24]_lpc1 numeric
@attribute audSpec_Rfilt_sma_de[24]_lpc2 numeric
@attribute audSpec_Rfilt_sma_de[24]_lpc3 numeric
@attribute audSpec_Rfilt_sma_de[24]_lpc4 numeric
@attribute audSpec_Rfilt_sma_de[25]_range numeric
@attribute audSpec_Rfilt_sma_de[25]_maxPos numeric
@attribute audSpec_Rfilt_sma_de[25]_minPos numeric
@attribute audSpec_Rfilt_sma_de[25]_quartile1 numeric
@attribute audSpec_Rfilt_sma_de[25]_quartile2 numeric
@attribute audSpec_Rfilt_sma_de[25]_quartile3 numeric
@attribute audSpec_Rfilt_sma_de[25]_iqr1-2 numeric
@attribute audSpec_Rfilt_sma_de[25]_iqr2-3 numeric
@attribute audSpec_Rfilt_sma_de[25]_iqr1-3 numeric
@attribute audSpec_Rfilt_sma_de[25]_percentile1.0 numeric
@attribute audSpec_Rfilt_sma_de[25]_percentile99.0 numeric
@attribute audSpec_Rfilt_sma_de[25]_pctlrange0-1 numeric
@attribute audSpec_Rfilt_sma_de[25]_stddev numeric
@attribute audSpec_Rfilt_sma_de[25]_skewness numeric
@attribute audSpec_Rfilt_sma_de[25]_kurtosis numeric
@attribute audSpec_Rfilt_sma_de[25]_meanSegLen numeric
@attribute audSpec_Rfilt_sma_de[25]_maxSegLen numeric
@attribute audSpec_Rfilt_sma_de[25]_minSegLen numeric
@attribute audSpec_Rfilt_sma_de[25]_segLenStddev numeric
@attribute audSpec_Rfilt_sma_de[25]_upleveltime25 numeric
@attribute audSpec_Rfilt_sma_de[25]_upleveltime50 numeric
@attribute audSpec_Rfilt_sma_de[25]_upleveltime75 numeric
@attribute audSpec_Rfilt_sma_de[25]_upleveltime90 numeric
@attribute audSpec_Rfilt_sma_de[25]_risetime numeric
@attribute audSpec_Rfilt_sma_de[25]_leftctime numeric
@attribute audSpec_Rfilt_sma_de[25]_lpgain numeric
@attribute audSpec_Rfilt_sma_de[25]_lpc0 numeric
@attribute audSpec_Rfilt_sma_de[25]_lpc1 numeric
@attribute audSpec_Rfilt_sma_de[25]_lpc2 numeric
@attribute audSpec_Rfilt_sma_de[25]_lpc3 numeric
@attribute audSpec_Rfilt_sma_de[25]_lpc4 numeric
@attribute pcm_fftMag_fband250-650_sma_de_range numeric
@attribute pcm_fftMag_fband250-650_sma_de_maxPos numeric
@attribute pcm_fftMag_fband250-650_sma_de_minPos numeric
@attribute pcm_fftMag_fband250-650_sma_de_quartile1 numeric
@attribute pcm_fftMag_fband250-650_sma_de_quartile2 numeric
@attribute pcm_fftMag_fband250-650_sma_de_quartile3 numeric
@attribute pcm_fftMag_fband250-650_sma_de_iqr1-2 numeric
@attribute pcm_fftMag_fband250-650_sma_de_iqr2-3 numeric
@attribute pcm_fftMag_fband250-650_sma_de_iqr1-3 numeric
@attribute pcm_fftMag_fband250-650_sma_de_percentile1.0 numeric
@attribute pcm_fftMag_fband250-650_sma_de_percentile99.0 numeric
@attribute pcm_fftMag_fband250-650_sma_de_pctlrange0-1 numeric
@attribute pcm_fftMag_fband250-650_sma_de_stddev numeric
@attribute pcm_fftMag_fband250-650_sma_de_skewness numeric
@attribute pcm_fftMag_fband250-650_sma_de_kurtosis numeric
@attribute pcm_fftMag_fband250-650_sma_de_meanSegLen numeric
@attribute pcm_fftMag_fband250-650_sma_de_maxSegLen numeric
@attribute pcm_fftMag_fband250-650_sma_de_minSegLen numeric
@attribute pcm_fftMag_fband250-650_sma_de_segLenStddev numeric
@attribute pcm_fftMag_fband250-650_sma_de_upleveltime25 numeric
@attribute pcm_fftMag_fband250-650_sma_de_upleveltime50 numeric
@attribute pcm_fftMag_fband250-650_sma_de_upleveltime75 numeric
@attribute pcm_fftMag_fband250-650_sma_de_upleveltime90 numeric
@attribute pcm_fftMag_fband250-650_sma_de_risetime numeric
@attribute pcm_fftMag_fband250-650_sma_de_leftctime numeric
@attribute pcm_fftMag_fband250-650_sma_de_lpgain numeric
@attribute pcm_fftMag_fband250-650_sma_de_lpc0 numeric
@attribute pcm_fftMag_fband250-650_sma_de_lpc1 numeric
@attribute pcm_fftMag_fband250-650_sma_de_lpc2 numeric
@attribute pcm_fftMag_fband250-650_sma_de_lpc3 numeric
@attribute pcm_fftMag_fband250-650_sma_de_lpc4 numeric
@attribute pcm_fftMag_fband1000-4000_sma_de_range numeric
@attribute pcm_fftMag_fband1000-4000_sma_de_maxPos numeric
@attribute pcm_fftMag_fband1000-4000_sma_de_minPos numeric
@attribute pcm_fftMag_fband1000-4000_sma_de_quartile1 numeric
@attribute pcm_fftMag_fband1000-4000_sma_de_quartile2 numeric
@attribute pcm_fftMag_fband1000-4000_sma_de_quartile3 numeric
@attribute pcm_fftMag_fband1000-4000_sma_de_iqr1-2 numeric
@attribute pcm_fftMag_fband1000-4000_sma_de_iqr2-3 numeric
@attribute pcm_fftMag_fband1000-4000_sma_de_iqr1-3 numeric
@attribute pcm_fftMag_fband1000-4000_sma_de_percentile1.0 numeric
@attribute pcm_fftMag_fband1000-4000_sma_de_percentile99.0 numeric
@attribute pcm_fftMag_fband1000-4000_sma_de_pctlrange0-1 numeric
@attribute pcm_fftMag_fband1000-4000_sma_de_stddev numeric
@attribute pcm_fftMag_fband1000-4000_sma_de_skewness numeric
@attribute pcm_fftMag_fband1000-4000_sma_de_kurtosis numeric
@attribute pcm_fftMag_fband1000-4000_sma_de_meanSegLen numeric
@attribute pcm_fftMag_fband1000-4000_sma_de_maxSegLen numeric
@attribute pcm_fftMag_fband1000-4000_sma_de_minSegLen numeric
@attribute pcm_fftMag_fband1000-4000_sma_de_segLenStddev numeric
@attribute pcm_fftMag_fband1000-4000_sma_de_upleveltime25 numeric
@attribute pcm_fftMag_fband1000-4000_sma_de_upleveltime50 numeric
@attribute pcm_fftMag_fband1000-4000_sma_de_upleveltime75 numeric
@attribute pcm_fftMag_fband1000-4000_sma_de_upleveltime90 numeric
@attribute pcm_fftMag_fband1000-4000_sma_de_risetime numeric
@attribute pcm_fftMag_fband1000-4000_sma_de_leftctime numeric
@attribute pcm_fftMag_fband1000-4000_sma_de_lpgain numeric
@attribute pcm_fftMag_fband1000-4000_sma_de_lpc0 numeric
@attribute pcm_fftMag_fband1000-4000_sma_de_lpc1 numeric
@attribute pcm_fftMag_fband1000-4000_sma_de_lpc2 numeric
@attribute pcm_fftMag_fband1000-4000_sma_de_lpc3 numeric
@attribute pcm_fftMag_fband1000-4000_sma_de_lpc4 numeric
@attribute pcm_fftMag_spectralRollOff25.0_sma_de_range numeric
@attribute pcm_fftMag_spectralRollOff25.0_sma_de_maxPos numeric
@attribute pcm_fftMag_spectralRollOff25.0_sma_de_minPos numeric
@attribute pcm_fftMag_spectralRollOff25.0_sma_de_quartile1 numeric
@attribute pcm_fftMag_spectralRollOff25.0_sma_de_quartile2 numeric
@attribute pcm_fftMag_spectralRollOff25.0_sma_de_quartile3 numeric
@attribute pcm_fftMag_spectralRollOff25.0_sma_de_iqr1-2 numeric
@attribute pcm_fftMag_spectralRollOff25.0_sma_de_iqr2-3 numeric
@attribute pcm_fftMag_spectralRollOff25.0_sma_de_iqr1-3 numeric
@attribute pcm_fftMag_spectralRollOff25.0_sma_de_percentile1.0 numeric
@attribute pcm_fftMag_spectralRollOff25.0_sma_de_percentile99.0 numeric
@attribute pcm_fftMag_spectralRollOff25.0_sma_de_pctlrange0-1 numeric
@attribute pcm_fftMag_spectralRollOff25.0_sma_de_stddev numeric
@attribute pcm_fftMag_spectralRollOff25.0_sma_de_skewness numeric
@attribute pcm_fftMag_spectralRollOff25.0_sma_de_kurtosis numeric
@attribute pcm_fftMag_spectralRollOff25.0_sma_de_meanSegLen numeric
@attribute pcm_fftMag_spectralRollOff25.0_sma_de_maxSegLen numeric
@attribute pcm_fftMag_spectralRollOff25.0_sma_de_minSegLen numeric
@attribute pcm_fftMag_spectralRollOff25.0_sma_de_segLenStddev numeric
@attribute pcm_fftMag_spectralRollOff25.0_sma_de_upleveltime25 numeric
@attribute pcm_fftMag_spectralRollOff25.0_sma_de_upleveltime50 numeric
@attribute pcm_fftMag_spectralRollOff25.0_sma_de_upleveltime75 numeric
@attribute pcm_fftMag_spectralRollOff25.0_sma_de_upleveltime90 numeric
@attribute pcm_fftMag_spectralRollOff25.0_sma_de_risetime numeric
@attribute pcm_fftMag_spectralRollOff25.0_sma_de_leftctime numeric
@attribute pcm_fftMag_spectralRollOff25.0_sma_de_lpgain numeric
@attribute pcm_fftMag_spectralRollOff25.0_sma_de_lpc0 numeric
@attribute pcm_fftMag_spectralRollOff25.0_sma_de_lpc1 numeric
@attribute pcm_fftMag_spectralRollOff25.0_sma_de_lpc2 numeric
@attribute pcm_fftMag_spectralRollOff25.0_sma_de_lpc3 numeric
@attribute pcm_fftMag_spectralRollOff25.0_sma_de_lpc4 numeric
@attribute pcm_fftMag_spectralRollOff50.0_sma_de_range numeric
@attribute pcm_fftMag_spectralRollOff50.0_sma_de_maxPos numeric
@attribute pcm_fftMag_spectralRollOff50.0_sma_de_minPos numeric
@attribute pcm_fftMag_spectralRollOff50.0_sma_de_quartile1 numeric
@attribute pcm_fftMag_spectralRollOff50.0_sma_de_quartile2 numeric
@attribute pcm_fftMag_spectralRollOff50.0_sma_de_quartile3 numeric
@attribute pcm_fftMag_spectralRollOff50.0_sma_de_iqr1-2 numeric
@attribute pcm_fftMag_spectralRollOff50.0_sma_de_iqr2-3 numeric
@attribute pcm_fftMag_spectralRollOff50.0_sma_de_iqr1-3 numeric
@attribute pcm_fftMag_spectralRollOff50.0_sma_de_percentile1.0 numeric
@attribute pcm_fftMag_spectralRollOff50.0_sma_de_percentile99.0 numeric
@attribute pcm_fftMag_spectralRollOff50.0_sma_de_pctlrange0-1 numeric
@attribute pcm_fftMag_spectralRollOff50.0_sma_de_stddev numeric
@attribute pcm_fftMag_spectralRollOff50.0_sma_de_skewness numeric
@attribute pcm_fftMag_spectralRollOff50.0_sma_de_kurtosis numeric
@attribute pcm_fftMag_spectralRollOff50.0_sma_de_meanSegLen numeric
@attribute pcm_fftMag_spectralRollOff50.0_sma_de_maxSegLen numeric
@attribute pcm_fftMag_spectralRollOff50.0_sma_de_minSegLen numeric
@attribute pcm_fftMag_spectralRollOff50.0_sma_de_segLenStddev numeric
@attribute pcm_fftMag_spectralRollOff50.0_sma_de_upleveltime25 numeric
@attribute pcm_fftMag_spectralRollOff50.0_sma_de_upleveltime50 numeric
@attribute pcm_fftMag_spectralRollOff50.0_sma_de_upleveltime75 numeric
@attribute pcm_fftMag_spectralRollOff50.0_sma_de_upleveltime90 numeric
@attribute pcm_fftMag_spectralRollOff50.0_sma_de_risetime numeric
@attribute pcm_fftMag_spectralRollOff50.0_sma_de_leftctime numeric
@attribute pcm_fftMag_spectralRollOff50.0_sma_de_lpgain numeric
@attribute pcm_fftMag_spectralRollOff50.0_sma_de_lpc0 numeric
@attribute pcm_fftMag_spectralRollOff50.0_sma_de_lpc1 numeric
@attribute pcm_fftMag_spectralRollOff50.0_sma_de_lpc2 numeric
@attribute pcm_fftMag_spectralRollOff50.0_sma_de_lpc3 numeric
@attribute pcm_fftMag_spectralRollOff50.0_sma_de_lpc4 numeric
@attribute pcm_fftMag_spectralRollOff75.0_sma_de_range numeric
@attribute pcm_fftMag_spectralRollOff75.0_sma_de_maxPos numeric
@attribute pcm_fftMag_spectralRollOff75.0_sma_de_minPos numeric
@attribute pcm_fftMag_spectralRollOff75.0_sma_de_quartile1 numeric
@attribute pcm_fftMag_spectralRollOff75.0_sma_de_quartile2 numeric
@attribute pcm_fftMag_spectralRollOff75.0_sma_de_quartile3 numeric
@attribute pcm_fftMag_spectralRollOff75.0_sma_de_iqr1-2 numeric
@attribute pcm_fftMag_spectralRollOff75.0_sma_de_iqr2-3 numeric
@attribute pcm_fftMag_spectralRollOff75.0_sma_de_iqr1-3 numeric
@attribute pcm_fftMag_spectralRollOff75.0_sma_de_percentile1.0 numeric
@attribute pcm_fftMag_spectralRollOff75.0_sma_de_percentile99.0 numeric
@attribute pcm_fftMag_spectralRollOff75.0_sma_de_pctlrange0-1 numeric
@attribute pcm_fftMag_spectralRollOff75.0_sma_de_stddev numeric
@attribute pcm_fftMag_spectralRollOff75.0_sma_de_skewness numeric
@attribute pcm_fftMag_spectralRollOff75.0_sma_de_kurtosis numeric
@attribute pcm_fftMag_spectralRollOff75.0_sma_de_meanSegLen numeric
@attribute pcm_fftMag_spectralRollOff75.0_sma_de_maxSegLen numeric
@attribute pcm_fftMag_spectralRollOff75.0_sma_de_minSegLen numeric
@attribute pcm_fftMag_spectralRollOff75.0_sma_de_segLenStddev numeric
@attribute pcm_fftMag_spectralRollOff75.0_sma_de_upleveltime25 numeric
@attribute pcm_fftMag_spectralRollOff75.0_sma_de_upleveltime50 numeric
@attribute pcm_fftMag_spectralRollOff75.0_sma_de_upleveltime75 numeric
@attribute pcm_fftMag_spectralRollOff75.0_sma_de_upleveltime90 numeric
@attribute pcm_fftMag_spectralRollOff75.0_sma_de_risetime numeric
@attribute pcm_fftMag_spectralRollOff75.0_sma_de_leftctime numeric
@attribute pcm_fftMag_spectralRollOff75.0_sma_de_lpgain numeric
@attribute pcm_fftMag_spectralRollOff75.0_sma_de_lpc0 numeric
@attribute pcm_fftMag_spectralRollOff75.0_sma_de_lpc1 numeric
@attribute pcm_fftMag_spectralRollOff75.0_sma_de_lpc2 numeric
@attribute pcm_fftMag_spectralRollOff75.0_sma_de_lpc3 numeric
@attribute pcm_fftMag_spectralRollOff75.0_sma_de_lpc4 numeric
@attribute pcm_fftMag_spectralRollOff90.0_sma_de_range numeric
@attribute pcm_fftMag_spectralRollOff90.0_sma_de_maxPos numeric
@attribute pcm_fftMag_spectralRollOff90.0_sma_de_minPos numeric
@attribute pcm_fftMag_spectralRollOff90.0_sma_de_quartile1 numeric
@attribute pcm_fftMag_spectralRollOff90.0_sma_de_quartile2 numeric
@attribute pcm_fftMag_spectralRollOff90.0_sma_de_quartile3 numeric
@attribute pcm_fftMag_spectralRollOff90.0_sma_de_iqr1-2 numeric
@attribute pcm_fftMag_spectralRollOff90.0_sma_de_iqr2-3 numeric
@attribute pcm_fftMag_spectralRollOff90.0_sma_de_iqr1-3 numeric
@attribute pcm_fftMag_spectralRollOff90.0_sma_de_percentile1.0 numeric
@attribute pcm_fftMag_spectralRollOff90.0_sma_de_percentile99.0 numeric
@attribute pcm_fftMag_spectralRollOff90.0_sma_de_pctlrange0-1 numeric
@attribute pcm_fftMag_spectralRollOff90.0_sma_de_stddev numeric
@attribute pcm_fftMag_spectralRollOff90.0_sma_de_skewness numeric
@attribute pcm_fftMag_spectralRollOff90.0_sma_de_kurtosis numeric
@attribute pcm_fftMag_spectralRollOff90.0_sma_de_meanSegLen numeric
@attribute pcm_fftMag_spectralRollOff90.0_sma_de_maxSegLen numeric
@attribute pcm_fftMag_spectralRollOff90.0_sma_de_minSegLen numeric
@attribute pcm_fftMag_spectralRollOff90.0_sma_de_segLenStddev numeric
@attribute pcm_fftMag_spectralRollOff90.0_sma_de_upleveltime25 numeric
@attribute pcm_fftMag_spectralRollOff90.0_sma_de_upleveltime50 numeric
@attribute pcm_fftMag_spectralRollOff90.0_sma_de_upleveltime75 numeric
@attribute pcm_fftMag_spectralRollOff90.0_sma_de_upleveltime90 numeric
@attribute pcm_fftMag_spectralRollOff90.0_sma_de_risetime numeric
@attribute pcm_fftMag_spectralRollOff90.0_sma_de_leftctime numeric
@attribute pcm_fftMag_spectralRollOff90.0_sma_de_lpgain numeric
@attribute pcm_fftMag_spectralRollOff90.0_sma_de_lpc0 numeric
@attribute pcm_fftMag_spectralRollOff90.0_sma_de_lpc1 numeric
@attribute pcm_fftMag_spectralRollOff90.0_sma_de_lpc2 numeric
@attribute pcm_fftMag_spectralRollOff90.0_sma_de_lpc3 numeric
@attribute pcm_fftMag_spectralRollOff90.0_sma_de_lpc4 numeric
@attribute pcm_fftMag_spectralFlux_sma_de_range numeric
@attribute pcm_fftMag_spectralFlux_sma_de_maxPos numeric
@attribute pcm_fftMag_spectralFlux_sma_de_minPos numeric
@attribute pcm_fftMag_spectralFlux_sma_de_quartile1 numeric
@attribute pcm_fftMag_spectralFlux_sma_de_quartile2 numeric
@attribute pcm_fftMag_spectralFlux_sma_de_quartile3 numeric
@attribute pcm_fftMag_spectralFlux_sma_de_iqr1-2 numeric
@attribute pcm_fftMag_spectralFlux_sma_de_iqr2-3 numeric
@attribute pcm_fftMag_spectralFlux_sma_de_iqr1-3 numeric
@attribute pcm_fftMag_spectralFlux_sma_de_percentile1.0 numeric
@attribute pcm_fftMag_spectralFlux_sma_de_percentile99.0 numeric
@attribute pcm_fftMag_spectralFlux_sma_de_pctlrange0-1 numeric
@attribute pcm_fftMag_spectralFlux_sma_de_stddev numeric
@attribute pcm_fftMag_spectralFlux_sma_de_skewness numeric
@attribute pcm_fftMag_spectralFlux_sma_de_kurtosis numeric
@attribute pcm_fftMag_spectralFlux_sma_de_meanSegLen numeric
@attribute pcm_fftMag_spectralFlux_sma_de_maxSegLen numeric
@attribute pcm_fftMag_spectralFlux_sma_de_minSegLen numeric
@attribute pcm_fftMag_spectralFlux_sma_de_segLenStddev numeric
@attribute pcm_fftMag_spectralFlux_sma_de_upleveltime25 numeric
@attribute pcm_fftMag_spectralFlux_sma_de_upleveltime50 numeric
@attribute pcm_fftMag_spectralFlux_sma_de_upleveltime75 numeric
@attribute pcm_fftMag_spectralFlux_sma_de_upleveltime90 numeric
@attribute pcm_fftMag_spectralFlux_sma_de_risetime numeric
@attribute pcm_fftMag_spectralFlux_sma_de_leftctime numeric
@attribute pcm_fftMag_spectralFlux_sma_de_lpgain numeric
@attribute pcm_fftMag_spectralFlux_sma_de_lpc0 numeric
@attribute pcm_fftMag_spectralFlux_sma_de_lpc1 numeric
@attribute pcm_fftMag_spectralFlux_sma_de_lpc2 numeric
@attribute pcm_fftMag_spectralFlux_sma_de_lpc3 numeric
@attribute pcm_fftMag_spectralFlux_sma_de_lpc4 numeric
@attribute pcm_fftMag_spectralCentroid_sma_de_range numeric
@attribute pcm_fftMag_spectralCentroid_sma_de_maxPos numeric
@attribute pcm_fftMag_spectralCentroid_sma_de_minPos numeric
@attribute pcm_fftMag_spectralCentroid_sma_de_quartile1 numeric
@attribute pcm_fftMag_spectralCentroid_sma_de_quartile2 numeric
@attribute pcm_fftMag_spectralCentroid_sma_de_quartile3 numeric
@attribute pcm_fftMag_spectralCentroid_sma_de_iqr1-2 numeric
@attribute pcm_fftMag_spectralCentroid_sma_de_iqr2-3 numeric
@attribute pcm_fftMag_spectralCentroid_sma_de_iqr1-3 numeric
@attribute pcm_fftMag_spectralCentroid_sma_de_percentile1.0 numeric
@attribute pcm_fftMag_spectralCentroid_sma_de_percentile99.0 numeric
@attribute pcm_fftMag_spectralCentroid_sma_de_pctlrange0-1 numeric
@attribute pcm_fftMag_spectralCentroid_sma_de_stddev numeric
@attribute pcm_fftMag_spectralCentroid_sma_de_skewness numeric
@attribute pcm_fftMag_spectralCentroid_sma_de_kurtosis numeric
@attribute pcm_fftMag_spectralCentroid_sma_de_meanSegLen numeric
@attribute pcm_fftMag_spectralCentroid_sma_de_maxSegLen numeric
@attribute pcm_fftMag_spectralCentroid_sma_de_minSegLen numeric
@attribute pcm_fftMag_spectralCentroid_sma_de_segLenStddev numeric
@attribute pcm_fftMag_spectralCentroid_sma_de_upleveltime25 numeric
@attribute pcm_fftMag_spectralCentroid_sma_de_upleveltime50 numeric
@attribute pcm_fftMag_spectralCentroid_sma_de_upleveltime75 numeric
@attribute pcm_fftMag_spectralCentroid_sma_de_upleveltime90 numeric
@attribute pcm_fftMag_spectralCentroid_sma_de_risetime numeric
@attribute pcm_fftMag_spectralCentroid_sma_de_leftctime numeric
@attribute pcm_fftMag_spectralCentroid_sma_de_lpgain numeric
@attribute pcm_fftMag_spectralCentroid_sma_de_lpc0 numeric
@attribute pcm_fftMag_spectralCentroid_sma_de_lpc1 numeric
@attribute pcm_fftMag_spectralCentroid_sma_de_lpc2 numeric
@attribute pcm_fftMag_spectralCentroid_sma_de_lpc3 numeric
@attribute pcm_fftMag_spectralCentroid_sma_de_lpc4 numeric
@attribute pcm_fftMag_spectralEntropy_sma_de_range numeric
@attribute pcm_fftMag_spectralEntropy_sma_de_maxPos numeric
@attribute pcm_fftMag_spectralEntropy_sma_de_minPos numeric
@attribute pcm_fftMag_spectralEntropy_sma_de_quartile1 numeric
@attribute pcm_fftMag_spectralEntropy_sma_de_quartile2 numeric
@attribute pcm_fftMag_spectralEntropy_sma_de_quartile3 numeric
@attribute pcm_fftMag_spectralEntropy_sma_de_iqr1-2 numeric
@attribute pcm_fftMag_spectralEntropy_sma_de_iqr2-3 numeric
@attribute pcm_fftMag_spectralEntropy_sma_de_iqr1-3 numeric
@attribute pcm_fftMag_spectralEntropy_sma_de_percentile1.0 numeric
@attribute pcm_fftMag_spectralEntropy_sma_de_percentile99.0 numeric
@attribute pcm_fftMag_spectralEntropy_sma_de_pctlrange0-1 numeric
@attribute pcm_fftMag_spectralEntropy_sma_de_stddev numeric
@attribute pcm_fftMag_spectralEntropy_sma_de_skewness numeric
@attribute pcm_fftMag_spectralEntropy_sma_de_kurtosis numeric
@attribute pcm_fftMag_spectralEntropy_sma_de_meanSegLen numeric
@attribute pcm_fftMag_spectralEntropy_sma_de_maxSegLen numeric
@attribute pcm_fftMag_spectralEntropy_sma_de_minSegLen numeric
@attribute pcm_fftMag_spectralEntropy_sma_de_segLenStddev numeric
@attribute pcm_fftMag_spectralEntropy_sma_de_upleveltime25 numeric
@attribute pcm_fftMag_spectralEntropy_sma_de_upleveltime50 numeric
@attribute pcm_fftMag_spectralEntropy_sma_de_upleveltime75 numeric
@attribute pcm_fftMag_spectralEntropy_sma_de_upleveltime90 numeric
@attribute pcm_fftMag_spectralEntropy_sma_de_risetime numeric
@attribute pcm_fftMag_spectralEntropy_sma_de_leftctime numeric
@attribute pcm_fftMag_spectralEntropy_sma_de_lpgain numeric
@attribute pcm_fftMag_spectralEntropy_sma_de_lpc0 numeric
@attribute pcm_fftMag_spectralEntropy_sma_de_lpc1 numeric
@attribute pcm_fftMag_spectralEntropy_sma_de_lpc2 numeric
@attribute pcm_fftMag_spectralEntropy_sma_de_lpc3 numeric
@attribute pcm_fftMag_spectralEntropy_sma_de_lpc4 numeric
@attribute pcm_fftMag_spectralVariance_sma_de_range numeric
@attribute pcm_fftMag_spectralVariance_sma_de_maxPos numeric
@attribute pcm_fftMag_spectralVariance_sma_de_minPos numeric
@attribute pcm_fftMag_spectralVariance_sma_de_quartile1 numeric
@attribute pcm_fftMag_spectralVariance_sma_de_quartile2 numeric
@attribute pcm_fftMag_spectralVariance_sma_de_quartile3 numeric
@attribute pcm_fftMag_spectralVariance_sma_de_iqr1-2 numeric
@attribute pcm_fftMag_spectralVariance_sma_de_iqr2-3 numeric
@attribute pcm_fftMag_spectralVariance_sma_de_iqr1-3 numeric
@attribute pcm_fftMag_spectralVariance_sma_de_percentile1.0 numeric
@attribute pcm_fftMag_spectralVariance_sma_de_percentile99.0 numeric
@attribute pcm_fftMag_spectralVariance_sma_de_pctlrange0-1 numeric
@attribute pcm_fftMag_spectralVariance_sma_de_stddev numeric
@attribute pcm_fftMag_spectralVariance_sma_de_skewness numeric
@attribute pcm_fftMag_spectralVariance_sma_de_kurtosis numeric
@attribute pcm_fftMag_spectralVariance_sma_de_meanSegLen numeric
@attribute pcm_fftMag_spectralVariance_sma_de_maxSegLen numeric
@attribute pcm_fftMag_spectralVariance_sma_de_minSegLen numeric
@attribute pcm_fftMag_spectralVariance_sma_de_segLenStddev numeric
@attribute pcm_fftMag_spectralVariance_sma_de_upleveltime25 numeric
@attribute pcm_fftMag_spectralVariance_sma_de_upleveltime50 numeric
@attribute pcm_fftMag_spectralVariance_sma_de_upleveltime75 numeric
@attribute pcm_fftMag_spectralVariance_sma_de_upleveltime90 numeric
@attribute pcm_fftMag_spectralVariance_sma_de_risetime numeric
@attribute pcm_fftMag_spectralVariance_sma_de_leftctime numeric
@attribute pcm_fftMag_spectralVariance_sma_de_lpgain numeric
@attribute pcm_fftMag_spectralVariance_sma_de_lpc0 numeric
@attribute pcm_fftMag_spectralVariance_sma_de_lpc1 numeric
@attribute pcm_fftMag_spectralVariance_sma_de_lpc2 numeric
@attribute pcm_fftMag_spectralVariance_sma_de_lpc3 numeric
@attribute pcm_fftMag_spectralVariance_sma_de_lpc4 numeric
@attribute pcm_fftMag_spectralSkewness_sma_de_range numeric
@attribute pcm_fftMag_spectralSkewness_sma_de_maxPos numeric
@attribute pcm_fftMag_spectralSkewness_sma_de_minPos numeric
@attribute pcm_fftMag_spectralSkewness_sma_de_quartile1 numeric
@attribute pcm_fftMag_spectralSkewness_sma_de_quartile2 numeric
@attribute pcm_fftMag_spectralSkewness_sma_de_quartile3 numeric
@attribute pcm_fftMag_spectralSkewness_sma_de_iqr1-2 numeric
@attribute pcm_fftMag_spectralSkewness_sma_de_iqr2-3 numeric
@attribute pcm_fftMag_spectralSkewness_sma_de_iqr1-3 numeric
@attribute pcm_fftMag_spectralSkewness_sma_de_percentile1.0 numeric
@attribute pcm_fftMag_spectralSkewness_sma_de_percentile99.0 numeric
@attribute pcm_fftMag_spectralSkewness_sma_de_pctlrange0-1 numeric
@attribute pcm_fftMag_spectralSkewness_sma_de_stddev numeric
@attribute pcm_fftMag_spectralSkewness_sma_de_skewness numeric
@attribute pcm_fftMag_spectralSkewness_sma_de_kurtosis numeric
@attribute pcm_fftMag_spectralSkewness_sma_de_meanSegLen numeric
@attribute pcm_fftMag_spectralSkewness_sma_de_maxSegLen numeric
@attribute pcm_fftMag_spectralSkewness_sma_de_minSegLen numeric
@attribute pcm_fftMag_spectralSkewness_sma_de_segLenStddev numeric
@attribute pcm_fftMag_spectralSkewness_sma_de_upleveltime25 numeric
@attribute pcm_fftMag_spectralSkewness_sma_de_upleveltime50 numeric
@attribute pcm_fftMag_spectralSkewness_sma_de_upleveltime75 numeric
@attribute pcm_fftMag_spectralSkewness_sma_de_upleveltime90 numeric
@attribute pcm_fftMag_spectralSkewness_sma_de_risetime numeric
@attribute pcm_fftMag_spectralSkewness_sma_de_leftctime numeric
@attribute pcm_fftMag_spectralSkewness_sma_de_lpgain numeric
@attribute pcm_fftMag_spectralSkewness_sma_de_lpc0 numeric
@attribute pcm_fftMag_spectralSkewness_sma_de_lpc1 numeric
@attribute pcm_fftMag_spectralSkewness_sma_de_lpc2 numeric
@attribute pcm_fftMag_spectralSkewness_sma_de_lpc3 numeric
@attribute pcm_fftMag_spectralSkewness_sma_de_lpc4 numeric
@attribute pcm_fftMag_spectralKurtosis_sma_de_range numeric
@attribute pcm_fftMag_spectralKurtosis_sma_de_maxPos numeric
@attribute pcm_fftMag_spectralKurtosis_sma_de_minPos numeric
@attribute pcm_fftMag_spectralKurtosis_sma_de_quartile1 numeric
@attribute pcm_fftMag_spectralKurtosis_sma_de_quartile2 numeric
@attribute pcm_fftMag_spectralKurtosis_sma_de_quartile3 numeric
@attribute pcm_fftMag_spectralKurtosis_sma_de_iqr1-2 numeric
@attribute pcm_fftMag_spectralKurtosis_sma_de_iqr2-3 numeric
@attribute pcm_fftMag_spectralKurtosis_sma_de_iqr1-3 numeric
@attribute pcm_fftMag_spectralKurtosis_sma_de_percentile1.0 numeric
@attribute pcm_fftMag_spectralKurtosis_sma_de_percentile99.0 numeric
@attribute pcm_fftMag_spectralKurtosis_sma_de_pctlrange0-1 numeric
@attribute pcm_fftMag_spectralKurtosis_sma_de_stddev numeric
@attribute pcm_fftMag_spectralKurtosis_sma_de_skewness numeric
@attribute pcm_fftMag_spectralKurtosis_sma_de_kurtosis numeric
@attribute pcm_fftMag_spectralKurtosis_sma_de_meanSegLen numeric
@attribute pcm_fftMag_spectralKurtosis_sma_de_maxSegLen numeric
@attribute pcm_fftMag_spectralKurtosis_sma_de_minSegLen numeric
@attribute pcm_fftMag_spectralKurtosis_sma_de_segLenStddev numeric
@attribute pcm_fftMag_spectralKurtosis_sma_de_upleveltime25 numeric
@attribute pcm_fftMag_spectralKurtosis_sma_de_upleveltime50 numeric
@attribute pcm_fftMag_spectralKurtosis_sma_de_upleveltime75 numeric
@attribute pcm_fftMag_spectralKurtosis_sma_de_upleveltime90 numeric
@attribute pcm_fftMag_spectralKurtosis_sma_de_risetime numeric
@attribute pcm_fftMag_spectralKurtosis_sma_de_leftctime numeric
@attribute pcm_fftMag_spectralKurtosis_sma_de_lpgain numeric
@attribute pcm_fftMag_spectralKurtosis_sma_de_lpc0 numeric
@attribute pcm_fftMag_spectralKurtosis_sma_de_lpc1 numeric
@attribute pcm_fftMag_spectralKurtosis_sma_de_lpc2 numeric
@attribute pcm_fftMag_spectralKurtosis_sma_de_lpc3 numeric
@attribute pcm_fftMag_spectralKurtosis_sma_de_lpc4 numeric
@attribute pcm_fftMag_spectralSlope_sma_de_range numeric
@attribute pcm_fftMag_spectralSlope_sma_de_maxPos numeric
@attribute pcm_fftMag_spectralSlope_sma_de_minPos numeric
@attribute pcm_fftMag_spectralSlope_sma_de_quartile1 numeric
@attribute pcm_fftMag_spectralSlope_sma_de_quartile2 numeric
@attribute pcm_fftMag_spectralSlope_sma_de_quartile3 numeric
@attribute pcm_fftMag_spectralSlope_sma_de_iqr1-2 numeric
@attribute pcm_fftMag_spectralSlope_sma_de_iqr2-3 numeric
@attribute pcm_fftMag_spectralSlope_sma_de_iqr1-3 numeric
@attribute pcm_fftMag_spectralSlope_sma_de_percentile1.0 numeric
@attribute pcm_fftMag_spectralSlope_sma_de_percentile99.0 numeric
@attribute pcm_fftMag_spectralSlope_sma_de_pctlrange0-1 numeric
@attribute pcm_fftMag_spectralSlope_sma_de_stddev numeric
@attribute pcm_fftMag_spectralSlope_sma_de_skewness numeric
@attribute pcm_fftMag_spectralSlope_sma_de_kurtosis numeric
@attribute pcm_fftMag_spectralSlope_sma_de_meanSegLen numeric
@attribute pcm_fftMag_spectralSlope_sma_de_maxSegLen numeric
@attribute pcm_fftMag_spectralSlope_sma_de_minSegLen numeric
@attribute pcm_fftMag_spectralSlope_sma_de_segLenStddev numeric
@attribute pcm_fftMag_spectralSlope_sma_de_upleveltime25 numeric
@attribute pcm_fftMag_spectralSlope_sma_de_upleveltime50 numeric
@attribute pcm_fftMag_spectralSlope_sma_de_upleveltime75 numeric
@attribute pcm_fftMag_spectralSlope_sma_de_upleveltime90 numeric
@attribute pcm_fftMag_spectralSlope_sma_de_risetime numeric
@attribute pcm_fftMag_spectralSlope_sma_de_leftctime numeric
@attribute pcm_fftMag_spectralSlope_sma_de_lpgain numeric
@attribute pcm_fftMag_spectralSlope_sma_de_lpc0 numeric
@attribute pcm_fftMag_spectralSlope_sma_de_lpc1 numeric
@attribute pcm_fftMag_spectralSlope_sma_de_lpc2 numeric
@attribute pcm_fftMag_spectralSlope_sma_de_lpc3 numeric
@attribute pcm_fftMag_spectralSlope_sma_de_lpc4 numeric
@attribute pcm_fftMag_psySharpness_sma_de_range numeric
@attribute pcm_fftMag_psySharpness_sma_de_maxPos numeric
@attribute pcm_fftMag_psySharpness_sma_de_minPos numeric
@attribute pcm_fftMag_psySharpness_sma_de_quartile1 numeric
@attribute pcm_fftMag_psySharpness_sma_de_quartile2 numeric
@attribute pcm_fftMag_psySharpness_sma_de_quartile3 numeric
@attribute pcm_fftMag_psySharpness_sma_de_iqr1-2 numeric
@attribute pcm_fftMag_psySharpness_sma_de_iqr2-3 numeric
@attribute pcm_fftMag_psySharpness_sma_de_iqr1-3 numeric
@attribute pcm_fftMag_psySharpness_sma_de_percentile1.0 numeric
@attribute pcm_fftMag_psySharpness_sma_de_percentile99.0 numeric
@attribute pcm_fftMag_psySharpness_sma_de_pctlrange0-1 numeric
@attribute pcm_fftMag_psySharpness_sma_de_stddev numeric
@attribute pcm_fftMag_psySharpness_sma_de_skewness numeric
@attribute pcm_fftMag_psySharpness_sma_de_kurtosis numeric
@attribute pcm_fftMag_psySharpness_sma_de_meanSegLen numeric
@attribute pcm_fftMag_psySharpness_sma_de_maxSegLen numeric
@attribute pcm_fftMag_psySharpness_sma_de_minSegLen numeric
@attribute pcm_fftMag_psySharpness_sma_de_segLenStddev numeric
@attribute pcm_fftMag_psySharpness_sma_de_upleveltime25 numeric
@attribute pcm_fftMag_psySharpness_sma_de_upleveltime50 numeric
@attribute pcm_fftMag_psySharpness_sma_de_upleveltime75 numeric
@attribute pcm_fftMag_psySharpness_sma_de_upleveltime90 numeric
@attribute pcm_fftMag_psySharpness_sma_de_risetime numeric
@attribute pcm_fftMag_psySharpness_sma_de_leftctime numeric
@attribute pcm_fftMag_psySharpness_sma_de_lpgain numeric
@attribute pcm_fftMag_psySharpness_sma_de_lpc0 numeric
@attribute pcm_fftMag_psySharpness_sma_de_lpc1 numeric
@attribute pcm_fftMag_psySharpness_sma_de_lpc2 numeric
@attribute pcm_fftMag_psySharpness_sma_de_lpc3 numeric
@attribute pcm_fftMag_psySharpness_sma_de_lpc4 numeric
@attribute pcm_fftMag_spectralHarmonicity_sma_de_range numeric
@attribute pcm_fftMag_spectralHarmonicity_sma_de_maxPos numeric
@attribute pcm_fftMag_spectralHarmonicity_sma_de_minPos numeric
@attribute pcm_fftMag_spectralHarmonicity_sma_de_quartile1 numeric
@attribute pcm_fftMag_spectralHarmonicity_sma_de_quartile2 numeric
@attribute pcm_fftMag_spectralHarmonicity_sma_de_quartile3 numeric
@attribute pcm_fftMag_spectralHarmonicity_sma_de_iqr1-2 numeric
@attribute pcm_fftMag_spectralHarmonicity_sma_de_iqr2-3 numeric
@attribute pcm_fftMag_spectralHarmonicity_sma_de_iqr1-3 numeric
@attribute pcm_fftMag_spectralHarmonicity_sma_de_percentile1.0 numeric
@attribute pcm_fftMag_spectralHarmonicity_sma_de_percentile99.0 numeric
@attribute pcm_fftMag_spectralHarmonicity_sma_de_pctlrange0-1 numeric
@attribute pcm_fftMag_spectralHarmonicity_sma_de_stddev numeric
@attribute pcm_fftMag_spectralHarmonicity_sma_de_skewness numeric
@attribute pcm_fftMag_spectralHarmonicity_sma_de_kurtosis numeric
@attribute pcm_fftMag_spectralHarmonicity_sma_de_meanSegLen numeric
@attribute pcm_fftMag_spectralHarmonicity_sma_de_maxSegLen numeric
@attribute pcm_fftMag_spectralHarmonicity_sma_de_minSegLen numeric
@attribute pcm_fftMag_spectralHarmonicity_sma_de_segLenStddev numeric
@attribute pcm_fftMag_spectralHarmonicity_sma_de_upleveltime25 numeric
@attribute pcm_fftMag_spectralHarmonicity_sma_de_upleveltime50 numeric
@attribute pcm_fftMag_spectralHarmonicity_sma_de_upleveltime75 numeric
@attribute pcm_fftMag_spectralHarmonicity_sma_de_upleveltime90 numeric
@attribute pcm_fftMag_spectralHarmonicity_sma_de_risetime numeric
@attribute pcm_fftMag_spectralHarmonicity_sma_de_leftctime numeric
@attribute pcm_fftMag_spectralHarmonicity_sma_de_lpgain numeric
@attribute pcm_fftMag_spectralHarmonicity_sma_de_lpc0 numeric
@attribute pcm_fftMag_spectralHarmonicity_sma_de_lpc1 numeric
@attribute pcm_fftMag_spectralHarmonicity_sma_de_lpc2 numeric
@attribute pcm_fftMag_spectralHarmonicity_sma_de_lpc3 numeric
@attribute pcm_fftMag_spectralHarmonicity_sma_de_lpc4 numeric
@attribute mfcc_sma_de[1]_range numeric
@attribute mfcc_sma_de[1]_maxPos numeric
@attribute mfcc_sma_de[1]_minPos numeric
@attribute mfcc_sma_de[1]_quartile1 numeric
@attribute mfcc_sma_de[1]_quartile2 numeric
@attribute mfcc_sma_de[1]_quartile3 numeric
@attribute mfcc_sma_de[1]_iqr1-2 numeric
@attribute mfcc_sma_de[1]_iqr2-3 numeric
@attribute mfcc_sma_de[1]_iqr1-3 numeric
@attribute mfcc_sma_de[1]_percentile1.0 numeric
@attribute mfcc_sma_de[1]_percentile99.0 numeric
@attribute mfcc_sma_de[1]_pctlrange0-1 numeric
@attribute mfcc_sma_de[1]_stddev numeric
@attribute mfcc_sma_de[1]_skewness numeric
@attribute mfcc_sma_de[1]_kurtosis numeric
@attribute mfcc_sma_de[1]_meanSegLen numeric
@attribute mfcc_sma_de[1]_maxSegLen numeric
@attribute mfcc_sma_de[1]_minSegLen numeric
@attribute mfcc_sma_de[1]_segLenStddev numeric
@attribute mfcc_sma_de[1]_upleveltime25 numeric
@attribute mfcc_sma_de[1]_upleveltime50 numeric
@attribute mfcc_sma_de[1]_upleveltime75 numeric
@attribute mfcc_sma_de[1]_upleveltime90 numeric
@attribute mfcc_sma_de[1]_risetime numeric
@attribute mfcc_sma_de[1]_leftctime numeric
@attribute mfcc_sma_de[1]_lpgain numeric
@attribute mfcc_sma_de[1]_lpc0 numeric
@attribute mfcc_sma_de[1]_lpc1 numeric
@attribute mfcc_sma_de[1]_lpc2 numeric
@attribute mfcc_sma_de[1]_lpc3 numeric
@attribute mfcc_sma_de[1]_lpc4 numeric
@attribute mfcc_sma_de[2]_range numeric
@attribute mfcc_sma_de[2]_maxPos numeric
@attribute mfcc_sma_de[2]_minPos numeric
@attribute mfcc_sma_de[2]_quartile1 numeric
@attribute mfcc_sma_de[2]_quartile2 numeric
@attribute mfcc_sma_de[2]_quartile3 numeric
@attribute mfcc_sma_de[2]_iqr1-2 numeric
@attribute mfcc_sma_de[2]_iqr2-3 numeric
@attribute mfcc_sma_de[2]_iqr1-3 numeric
@attribute mfcc_sma_de[2]_percentile1.0 numeric
@attribute mfcc_sma_de[2]_percentile99.0 numeric
@attribute mfcc_sma_de[2]_pctlrange0-1 numeric
@attribute mfcc_sma_de[2]_stddev numeric
@attribute mfcc_sma_de[2]_skewness numeric
@attribute mfcc_sma_de[2]_kurtosis numeric
@attribute mfcc_sma_de[2]_meanSegLen numeric
@attribute mfcc_sma_de[2]_maxSegLen numeric
@attribute mfcc_sma_de[2]_minSegLen numeric
@attribute mfcc_sma_de[2]_segLenStddev numeric
@attribute mfcc_sma_de[2]_upleveltime25 numeric
@attribute mfcc_sma_de[2]_upleveltime50 numeric
@attribute mfcc_sma_de[2]_upleveltime75 numeric
@attribute mfcc_sma_de[2]_upleveltime90 numeric
@attribute mfcc_sma_de[2]_risetime numeric
@attribute mfcc_sma_de[2]_leftctime numeric
@attribute mfcc_sma_de[2]_lpgain numeric
@attribute mfcc_sma_de[2]_lpc0 numeric
@attribute mfcc_sma_de[2]_lpc1 numeric
@attribute mfcc_sma_de[2]_lpc2 numeric
@attribute mfcc_sma_de[2]_lpc3 numeric
@attribute mfcc_sma_de[2]_lpc4 numeric
@attribute mfcc_sma_de[3]_range numeric
@attribute mfcc_sma_de[3]_maxPos numeric
@attribute mfcc_sma_de[3]_minPos numeric
@attribute mfcc_sma_de[3]_quartile1 numeric
@attribute mfcc_sma_de[3]_quartile2 numeric
@attribute mfcc_sma_de[3]_quartile3 numeric
@attribute mfcc_sma_de[3]_iqr1-2 numeric
@attribute mfcc_sma_de[3]_iqr2-3 numeric
@attribute mfcc_sma_de[3]_iqr1-3 numeric
@attribute mfcc_sma_de[3]_percentile1.0 numeric
@attribute mfcc_sma_de[3]_percentile99.0 numeric
@attribute mfcc_sma_de[3]_pctlrange0-1 numeric
@attribute mfcc_sma_de[3]_stddev numeric
@attribute mfcc_sma_de[3]_skewness numeric
@attribute mfcc_sma_de[3]_kurtosis numeric
@attribute mfcc_sma_de[3]_meanSegLen numeric
@attribute mfcc_sma_de[3]_maxSegLen numeric
@attribute mfcc_sma_de[3]_minSegLen numeric
@attribute mfcc_sma_de[3]_segLenStddev numeric
@attribute mfcc_sma_de[3]_upleveltime25 numeric
@attribute mfcc_sma_de[3]_upleveltime50 numeric
@attribute mfcc_sma_de[3]_upleveltime75 numeric
@attribute mfcc_sma_de[3]_upleveltime90 numeric
@attribute mfcc_sma_de[3]_risetime numeric
@attribute mfcc_sma_de[3]_leftctime numeric
@attribute mfcc_sma_de[3]_lpgain numeric
@attribute mfcc_sma_de[3]_lpc0 numeric
@attribute mfcc_sma_de[3]_lpc1 numeric
@attribute mfcc_sma_de[3]_lpc2 numeric
@attribute mfcc_sma_de[3]_lpc3 numeric
@attribute mfcc_sma_de[3]_lpc4 numeric
@attribute mfcc_sma_de[4]_range numeric
@attribute mfcc_sma_de[4]_maxPos numeric
@attribute mfcc_sma_de[4]_minPos numeric
@attribute mfcc_sma_de[4]_quartile1 numeric
@attribute mfcc_sma_de[4]_quartile2 numeric
@attribute mfcc_sma_de[4]_quartile3 numeric
@attribute mfcc_sma_de[4]_iqr1-2 numeric
@attribute mfcc_sma_de[4]_iqr2-3 numeric
@attribute mfcc_sma_de[4]_iqr1-3 numeric
@attribute mfcc_sma_de[4]_percentile1.0 numeric
@attribute mfcc_sma_de[4]_percentile99.0 numeric
@attribute mfcc_sma_de[4]_pctlrange0-1 numeric
@attribute mfcc_sma_de[4]_stddev numeric
@attribute mfcc_sma_de[4]_skewness numeric
@attribute mfcc_sma_de[4]_kurtosis numeric
@attribute mfcc_sma_de[4]_meanSegLen numeric
@attribute mfcc_sma_de[4]_maxSegLen numeric
@attribute mfcc_sma_de[4]_minSegLen numeric
@attribute mfcc_sma_de[4]_segLenStddev numeric
@attribute mfcc_sma_de[4]_upleveltime25 numeric
@attribute mfcc_sma_de[4]_upleveltime50 numeric
@attribute mfcc_sma_de[4]_upleveltime75 numeric
@attribute mfcc_sma_de[4]_upleveltime90 numeric
@attribute mfcc_sma_de[4]_risetime numeric
@attribute mfcc_sma_de[4]_leftctime numeric
@attribute mfcc_sma_de[4]_lpgain numeric
@attribute mfcc_sma_de[4]_lpc0 numeric
@attribute mfcc_sma_de[4]_lpc1 numeric
@attribute mfcc_sma_de[4]_lpc2 numeric
@attribute mfcc_sma_de[4]_lpc3 numeric
@attribute mfcc_sma_de[4]_lpc4 numeric
@attribute mfcc_sma_de[5]_range numeric
@attribute mfcc_sma_de[5]_maxPos numeric
@attribute mfcc_sma_de[5]_minPos numeric
@attribute mfcc_sma_de[5]_quartile1 numeric
@attribute mfcc_sma_de[5]_quartile2 numeric
@attribute mfcc_sma_de[5]_quartile3 numeric
@attribute mfcc_sma_de[5]_iqr1-2 numeric
@attribute mfcc_sma_de[5]_iqr2-3 numeric
@attribute mfcc_sma_de[5]_iqr1-3 numeric
@attribute mfcc_sma_de[5]_percentile1.0 numeric
@attribute mfcc_sma_de[5]_percentile99.0 numeric
@attribute mfcc_sma_de[5]_pctlrange0-1 numeric
@attribute mfcc_sma_de[5]_stddev numeric
@attribute mfcc_sma_de[5]_skewness numeric
@attribute mfcc_sma_de[5]_kurtosis numeric
@attribute mfcc_sma_de[5]_meanSegLen numeric
@attribute mfcc_sma_de[5]_maxSegLen numeric
@attribute mfcc_sma_de[5]_minSegLen numeric
@attribute mfcc_sma_de[5]_segLenStddev numeric
@attribute mfcc_sma_de[5]_upleveltime25 numeric
@attribute mfcc_sma_de[5]_upleveltime50 numeric
@attribute mfcc_sma_de[5]_upleveltime75 numeric
@attribute mfcc_sma_de[5]_upleveltime90 numeric
@attribute mfcc_sma_de[5]_risetime numeric
@attribute mfcc_sma_de[5]_leftctime numeric
@attribute mfcc_sma_de[5]_lpgain numeric
@attribute mfcc_sma_de[5]_lpc0 numeric
@attribute mfcc_sma_de[5]_lpc1 numeric
@attribute mfcc_sma_de[5]_lpc2 numeric
@attribute mfcc_sma_de[5]_lpc3 numeric
@attribute mfcc_sma_de[5]_lpc4 numeric
@attribute mfcc_sma_de[6]_range numeric
@attribute mfcc_sma_de[6]_maxPos numeric
@attribute mfcc_sma_de[6]_minPos numeric
@attribute mfcc_sma_de[6]_quartile1 numeric
@attribute mfcc_sma_de[6]_quartile2 numeric
@attribute mfcc_sma_de[6]_quartile3 numeric
@attribute mfcc_sma_de[6]_iqr1-2 numeric
@attribute mfcc_sma_de[6]_iqr2-3 numeric
@attribute mfcc_sma_de[6]_iqr1-3 numeric
@attribute mfcc_sma_de[6]_percentile1.0 numeric
@attribute mfcc_sma_de[6]_percentile99.0 numeric
@attribute mfcc_sma_de[6]_pctlrange0-1 numeric
@attribute mfcc_sma_de[6]_stddev numeric
@attribute mfcc_sma_de[6]_skewness numeric
@attribute mfcc_sma_de[6]_kurtosis numeric
@attribute mfcc_sma_de[6]_meanSegLen numeric
@attribute mfcc_sma_de[6]_maxSegLen numeric
@attribute mfcc_sma_de[6]_minSegLen numeric
@attribute mfcc_sma_de[6]_segLenStddev numeric
@attribute mfcc_sma_de[6]_upleveltime25 numeric
@attribute mfcc_sma_de[6]_upleveltime50 numeric
@attribute mfcc_sma_de[6]_upleveltime75 numeric
@attribute mfcc_sma_de[6]_upleveltime90 numeric
@attribute mfcc_sma_de[6]_risetime numeric
@attribute mfcc_sma_de[6]_leftctime numeric
@attribute mfcc_sma_de[6]_lpgain numeric
@attribute mfcc_sma_de[6]_lpc0 numeric
@attribute mfcc_sma_de[6]_lpc1 numeric
@attribute mfcc_sma_de[6]_lpc2 numeric
@attribute mfcc_sma_de[6]_lpc3 numeric
@attribute mfcc_sma_de[6]_lpc4 numeric
@attribute mfcc_sma_de[7]_range numeric
@attribute mfcc_sma_de[7]_maxPos numeric
@attribute mfcc_sma_de[7]_minPos numeric
@attribute mfcc_sma_de[7]_quartile1 numeric
@attribute mfcc_sma_de[7]_quartile2 numeric
@attribute mfcc_sma_de[7]_quartile3 numeric
@attribute mfcc_sma_de[7]_iqr1-2 numeric
@attribute mfcc_sma_de[7]_iqr2-3 numeric
@attribute mfcc_sma_de[7]_iqr1-3 numeric
@attribute mfcc_sma_de[7]_percentile1.0 numeric
@attribute mfcc_sma_de[7]_percentile99.0 numeric
@attribute mfcc_sma_de[7]_pctlrange0-1 numeric
@attribute mfcc_sma_de[7]_stddev numeric
@attribute mfcc_sma_de[7]_skewness numeric
@attribute mfcc_sma_de[7]_kurtosis numeric
@attribute mfcc_sma_de[7]_meanSegLen numeric
@attribute mfcc_sma_de[7]_maxSegLen numeric
@attribute mfcc_sma_de[7]_minSegLen numeric
@attribute mfcc_sma_de[7]_segLenStddev numeric
@attribute mfcc_sma_de[7]_upleveltime25 numeric
@attribute mfcc_sma_de[7]_upleveltime50 numeric
@attribute mfcc_sma_de[7]_upleveltime75 numeric
@attribute mfcc_sma_de[7]_upleveltime90 numeric
@attribute mfcc_sma_de[7]_risetime numeric
@attribute mfcc_sma_de[7]_leftctime numeric
@attribute mfcc_sma_de[7]_lpgain numeric
@attribute mfcc_sma_de[7]_lpc0 numeric
@attribute mfcc_sma_de[7]_lpc1 numeric
@attribute mfcc_sma_de[7]_lpc2 numeric
@attribute mfcc_sma_de[7]_lpc3 numeric
@attribute mfcc_sma_de[7]_lpc4 numeric
@attribute mfcc_sma_de[8]_range numeric
@attribute mfcc_sma_de[8]_maxPos numeric
@attribute mfcc_sma_de[8]_minPos numeric
@attribute mfcc_sma_de[8]_quartile1 numeric
@attribute mfcc_sma_de[8]_quartile2 numeric
@attribute mfcc_sma_de[8]_quartile3 numeric
@attribute mfcc_sma_de[8]_iqr1-2 numeric
@attribute mfcc_sma_de[8]_iqr2-3 numeric
@attribute mfcc_sma_de[8]_iqr1-3 numeric
@attribute mfcc_sma_de[8]_percentile1.0 numeric
@attribute mfcc_sma_de[8]_percentile99.0 numeric
@attribute mfcc_sma_de[8]_pctlrange0-1 numeric
@attribute mfcc_sma_de[8]_stddev numeric
@attribute mfcc_sma_de[8]_skewness numeric
@attribute mfcc_sma_de[8]_kurtosis numeric
@attribute mfcc_sma_de[8]_meanSegLen numeric
@attribute mfcc_sma_de[8]_maxSegLen numeric
@attribute mfcc_sma_de[8]_minSegLen numeric
@attribute mfcc_sma_de[8]_segLenStddev numeric
@attribute mfcc_sma_de[8]_upleveltime25 numeric
@attribute mfcc_sma_de[8]_upleveltime50 numeric
@attribute mfcc_sma_de[8]_upleveltime75 numeric
@attribute mfcc_sma_de[8]_upleveltime90 numeric
@attribute mfcc_sma_de[8]_risetime numeric
@attribute mfcc_sma_de[8]_leftctime numeric
@attribute mfcc_sma_de[8]_lpgain numeric
@attribute mfcc_sma_de[8]_lpc0 numeric
@attribute mfcc_sma_de[8]_lpc1 numeric
@attribute mfcc_sma_de[8]_lpc2 numeric
@attribute mfcc_sma_de[8]_lpc3 numeric
@attribute mfcc_sma_de[8]_lpc4 numeric
@attribute mfcc_sma_de[9]_range numeric
@attribute mfcc_sma_de[9]_maxPos numeric
@attribute mfcc_sma_de[9]_minPos numeric
@attribute mfcc_sma_de[9]_quartile1 numeric
@attribute mfcc_sma_de[9]_quartile2 numeric
@attribute mfcc_sma_de[9]_quartile3 numeric
@attribute mfcc_sma_de[9]_iqr1-2 numeric
@attribute mfcc_sma_de[9]_iqr2-3 numeric
@attribute mfcc_sma_de[9]_iqr1-3 numeric
@attribute mfcc_sma_de[9]_percentile1.0 numeric
@attribute mfcc_sma_de[9]_percentile99.0 numeric
@attribute mfcc_sma_de[9]_pctlrange0-1 numeric
@attribute mfcc_sma_de[9]_stddev numeric
@attribute mfcc_sma_de[9]_skewness numeric
@attribute mfcc_sma_de[9]_kurtosis numeric
@attribute mfcc_sma_de[9]_meanSegLen numeric
@attribute mfcc_sma_de[9]_maxSegLen numeric
@attribute mfcc_sma_de[9]_minSegLen numeric
@attribute mfcc_sma_de[9]_segLenStddev numeric
@attribute mfcc_sma_de[9]_upleveltime25 numeric
@attribute mfcc_sma_de[9]_upleveltime50 numeric
@attribute mfcc_sma_de[9]_upleveltime75 numeric
@attribute mfcc_sma_de[9]_upleveltime90 numeric
@attribute mfcc_sma_de[9]_risetime numeric
@attribute mfcc_sma_de[9]_leftctime numeric
@attribute mfcc_sma_de[9]_lpgain numeric
@attribute mfcc_sma_de[9]_lpc0 numeric
@attribute mfcc_sma_de[9]_lpc1 numeric
@attribute mfcc_sma_de[9]_lpc2 numeric
@attribute mfcc_sma_de[9]_lpc3 numeric
@attribute mfcc_sma_de[9]_lpc4 numeric
@attribute mfcc_sma_de[10]_range numeric
@attribute mfcc_sma_de[10]_maxPos numeric
@attribute mfcc_sma_de[10]_minPos numeric
@attribute mfcc_sma_de[10]_quartile1 numeric
@attribute mfcc_sma_de[10]_quartile2 numeric
@attribute mfcc_sma_de[10]_quartile3 numeric
@attribute mfcc_sma_de[10]_iqr1-2 numeric
@attribute mfcc_sma_de[10]_iqr2-3 numeric
@attribute mfcc_sma_de[10]_iqr1-3 numeric
@attribute mfcc_sma_de[10]_percentile1.0 numeric
@attribute mfcc_sma_de[10]_percentile99.0 numeric
@attribute mfcc_sma_de[10]_pctlrange0-1 numeric
@attribute mfcc_sma_de[10]_stddev numeric
@attribute mfcc_sma_de[10]_skewness numeric
@attribute mfcc_sma_de[10]_kurtosis numeric
@attribute mfcc_sma_de[10]_meanSegLen numeric
@attribute mfcc_sma_de[10]_maxSegLen numeric
@attribute mfcc_sma_de[10]_minSegLen numeric
@attribute mfcc_sma_de[10]_segLenStddev numeric
@attribute mfcc_sma_de[10]_upleveltime25 numeric
@attribute mfcc_sma_de[10]_upleveltime50 numeric
@attribute mfcc_sma_de[10]_upleveltime75 numeric
@attribute mfcc_sma_de[10]_upleveltime90 numeric
@attribute mfcc_sma_de[10]_risetime numeric
@attribute mfcc_sma_de[10]_leftctime numeric
@attribute mfcc_sma_de[10]_lpgain numeric
@attribute mfcc_sma_de[10]_lpc0 numeric
@attribute mfcc_sma_de[10]_lpc1 numeric
@attribute mfcc_sma_de[10]_lpc2 numeric
@attribute mfcc_sma_de[10]_lpc3 numeric
@attribute mfcc_sma_de[10]_lpc4 numeric
@attribute mfcc_sma_de[11]_range numeric
@attribute mfcc_sma_de[11]_maxPos numeric
@attribute mfcc_sma_de[11]_minPos numeric
@attribute mfcc_sma_de[11]_quartile1 numeric
@attribute mfcc_sma_de[11]_quartile2 numeric
@attribute mfcc_sma_de[11]_quartile3 numeric
@attribute mfcc_sma_de[11]_iqr1-2 numeric
@attribute mfcc_sma_de[11]_iqr2-3 numeric
@attribute mfcc_sma_de[11]_iqr1-3 numeric
@attribute mfcc_sma_de[11]_percentile1.0 numeric
@attribute mfcc_sma_de[11]_percentile99.0 numeric
@attribute mfcc_sma_de[11]_pctlrange0-1 numeric
@attribute mfcc_sma_de[11]_stddev numeric
@attribute mfcc_sma_de[11]_skewness numeric
@attribute mfcc_sma_de[11]_kurtosis numeric
@attribute mfcc_sma_de[11]_meanSegLen numeric
@attribute mfcc_sma_de[11]_maxSegLen numeric
@attribute mfcc_sma_de[11]_minSegLen numeric
@attribute mfcc_sma_de[11]_segLenStddev numeric
@attribute mfcc_sma_de[11]_upleveltime25 numeric
@attribute mfcc_sma_de[11]_upleveltime50 numeric
@attribute mfcc_sma_de[11]_upleveltime75 numeric
@attribute mfcc_sma_de[11]_upleveltime90 numeric
@attribute mfcc_sma_de[11]_risetime numeric
@attribute mfcc_sma_de[11]_leftctime numeric
@attribute mfcc_sma_de[11]_lpgain numeric
@attribute mfcc_sma_de[11]_lpc0 numeric
@attribute mfcc_sma_de[11]_lpc1 numeric
@attribute mfcc_sma_de[11]_lpc2 numeric
@attribute mfcc_sma_de[11]_lpc3 numeric
@attribute mfcc_sma_de[11]_lpc4 numeric
@attribute mfcc_sma_de[12]_range numeric
@attribute mfcc_sma_de[12]_maxPos numeric
@attribute mfcc_sma_de[12]_minPos numeric
@attribute mfcc_sma_de[12]_quartile1 numeric
@attribute mfcc_sma_de[12]_quartile2 numeric
@attribute mfcc_sma_de[12]_quartile3 numeric
@attribute mfcc_sma_de[12]_iqr1-2 numeric
@attribute mfcc_sma_de[12]_iqr2-3 numeric
@attribute mfcc_sma_de[12]_iqr1-3 numeric
@attribute mfcc_sma_de[12]_percentile1.0 numeric
@attribute mfcc_sma_de[12]_percentile99.0 numeric
@attribute mfcc_sma_de[12]_pctlrange0-1 numeric
@attribute mfcc_sma_de[12]_stddev numeric
@attribute mfcc_sma_de[12]_skewness numeric
@attribute mfcc_sma_de[12]_kurtosis numeric
@attribute mfcc_sma_de[12]_meanSegLen numeric
@attribute mfcc_sma_de[12]_maxSegLen numeric
@attribute mfcc_sma_de[12]_minSegLen numeric
@attribute mfcc_sma_de[12]_segLenStddev numeric
@attribute mfcc_sma_de[12]_upleveltime25 numeric
@attribute mfcc_sma_de[12]_upleveltime50 numeric
@attribute mfcc_sma_de[12]_upleveltime75 numeric
@attribute mfcc_sma_de[12]_upleveltime90 numeric
@attribute mfcc_sma_de[12]_risetime numeric
@attribute mfcc_sma_de[12]_leftctime numeric
@attribute mfcc_sma_de[12]_lpgain numeric
@attribute mfcc_sma_de[12]_lpc0 numeric
@attribute mfcc_sma_de[12]_lpc1 numeric
@attribute mfcc_sma_de[12]_lpc2 numeric
@attribute mfcc_sma_de[12]_lpc3 numeric
@attribute mfcc_sma_de[12]_lpc4 numeric
@attribute mfcc_sma_de[13]_range numeric
@attribute mfcc_sma_de[13]_maxPos numeric
@attribute mfcc_sma_de[13]_minPos numeric
@attribute mfcc_sma_de[13]_quartile1 numeric
@attribute mfcc_sma_de[13]_quartile2 numeric
@attribute mfcc_sma_de[13]_quartile3 numeric
@attribute mfcc_sma_de[13]_iqr1-2 numeric
@attribute mfcc_sma_de[13]_iqr2-3 numeric
@attribute mfcc_sma_de[13]_iqr1-3 numeric
@attribute mfcc_sma_de[13]_percentile1.0 numeric
@attribute mfcc_sma_de[13]_percentile99.0 numeric
@attribute mfcc_sma_de[13]_pctlrange0-1 numeric
@attribute mfcc_sma_de[13]_stddev numeric
@attribute mfcc_sma_de[13]_skewness numeric
@attribute mfcc_sma_de[13]_kurtosis numeric
@attribute mfcc_sma_de[13]_meanSegLen numeric
@attribute mfcc_sma_de[13]_maxSegLen numeric
@attribute mfcc_sma_de[13]_minSegLen numeric
@attribute mfcc_sma_de[13]_segLenStddev numeric
@attribute mfcc_sma_de[13]_upleveltime25 numeric
@attribute mfcc_sma_de[13]_upleveltime50 numeric
@attribute mfcc_sma_de[13]_upleveltime75 numeric
@attribute mfcc_sma_de[13]_upleveltime90 numeric
@attribute mfcc_sma_de[13]_risetime numeric
@attribute mfcc_sma_de[13]_leftctime numeric
@attribute mfcc_sma_de[13]_lpgain numeric
@attribute mfcc_sma_de[13]_lpc0 numeric
@attribute mfcc_sma_de[13]_lpc1 numeric
@attribute mfcc_sma_de[13]_lpc2 numeric
@attribute mfcc_sma_de[13]_lpc3 numeric
@attribute mfcc_sma_de[13]_lpc4 numeric
@attribute mfcc_sma_de[14]_range numeric
@attribute mfcc_sma_de[14]_maxPos numeric
@attribute mfcc_sma_de[14]_minPos numeric
@attribute mfcc_sma_de[14]_quartile1 numeric
@attribute mfcc_sma_de[14]_quartile2 numeric
@attribute mfcc_sma_de[14]_quartile3 numeric
@attribute mfcc_sma_de[14]_iqr1-2 numeric
@attribute mfcc_sma_de[14]_iqr2-3 numeric
@attribute mfcc_sma_de[14]_iqr1-3 numeric
@attribute mfcc_sma_de[14]_percentile1.0 numeric
@attribute mfcc_sma_de[14]_percentile99.0 numeric
@attribute mfcc_sma_de[14]_pctlrange0-1 numeric
@attribute mfcc_sma_de[14]_stddev numeric
@attribute mfcc_sma_de[14]_skewness numeric
@attribute mfcc_sma_de[14]_kurtosis numeric
@attribute mfcc_sma_de[14]_meanSegLen numeric
@attribute mfcc_sma_de[14]_maxSegLen numeric
@attribute mfcc_sma_de[14]_minSegLen numeric
@attribute mfcc_sma_de[14]_segLenStddev numeric
@attribute mfcc_sma_de[14]_upleveltime25 numeric
@attribute mfcc_sma_de[14]_upleveltime50 numeric
@attribute mfcc_sma_de[14]_upleveltime75 numeric
@attribute mfcc_sma_de[14]_upleveltime90 numeric
@attribute mfcc_sma_de[14]_risetime numeric
@attribute mfcc_sma_de[14]_leftctime numeric
@attribute mfcc_sma_de[14]_lpgain numeric
@attribute mfcc_sma_de[14]_lpc0 numeric
@attribute mfcc_sma_de[14]_lpc1 numeric
@attribute mfcc_sma_de[14]_lpc2 numeric
@attribute mfcc_sma_de[14]_lpc3 numeric
@attribute mfcc_sma_de[14]_lpc4 numeric
@attribute F0final_sma_amean numeric
@attribute F0final_sma_flatness numeric
@attribute F0final_sma_posamean numeric
@attribute F0final_sma_rqmean numeric
@attribute F0final_sma_range numeric
@attribute F0final_sma_maxPos numeric
@attribute F0final_sma_minPos numeric
@attribute F0final_sma_linregc1 numeric
@attribute F0final_sma_linregc2 numeric
@attribute F0final_sma_linregerrQ numeric
@attribute F0final_sma_qregc1 numeric
@attribute F0final_sma_qregc2 numeric
@attribute F0final_sma_qregc3 numeric
@attribute F0final_sma_qregerrQ numeric
@attribute F0final_sma_centroid numeric
@attribute F0final_sma_quartile1 numeric
@attribute F0final_sma_quartile2 numeric
@attribute F0final_sma_quartile3 numeric
@attribute F0final_sma_iqr1-2 numeric
@attribute F0final_sma_iqr2-3 numeric
@attribute F0final_sma_iqr1-3 numeric
@attribute F0final_sma_percentile1.0 numeric
@attribute F0final_sma_percentile99.0 numeric
@attribute F0final_sma_pctlrange0-1 numeric
@attribute F0final_sma_stddev numeric
@attribute F0final_sma_skewness numeric
@attribute F0final_sma_kurtosis numeric
@attribute F0final_sma_upleveltime25 numeric
@attribute F0final_sma_upleveltime50 numeric
@attribute F0final_sma_upleveltime75 numeric
@attribute F0final_sma_upleveltime90 numeric
@attribute F0final_sma_risetime numeric
@attribute F0final_sma_leftctime numeric
@attribute F0final_sma_lpgain numeric
@attribute F0final_sma_lpc0 numeric
@attribute F0final_sma_lpc1 numeric
@attribute F0final_sma_lpc2 numeric
@attribute F0final_sma_lpc3 numeric
@attribute F0final_sma_lpc4 numeric
@attribute voicingFinalUnclipped_sma_amean numeric
@attribute voicingFinalUnclipped_sma_flatness numeric
@attribute voicingFinalUnclipped_sma_posamean numeric
@attribute voicingFinalUnclipped_sma_rqmean numeric
@attribute voicingFinalUnclipped_sma_range numeric
@attribute voicingFinalUnclipped_sma_maxPos numeric
@attribute voicingFinalUnclipped_sma_minPos numeric
@attribute voicingFinalUnclipped_sma_linregc1 numeric
@attribute voicingFinalUnclipped_sma_linregc2 numeric
@attribute voicingFinalUnclipped_sma_linregerrQ numeric
@attribute voicingFinalUnclipped_sma_qregc1 numeric
@attribute voicingFinalUnclipped_sma_qregc2 numeric
@attribute voicingFinalUnclipped_sma_qregc3 numeric
@attribute voicingFinalUnclipped_sma_qregerrQ numeric
@attribute voicingFinalUnclipped_sma_centroid numeric
@attribute voicingFinalUnclipped_sma_quartile1 numeric
@attribute voicingFinalUnclipped_sma_quartile2 numeric
@attribute voicingFinalUnclipped_sma_quartile3 numeric
@attribute voicingFinalUnclipped_sma_iqr1-2 numeric
@attribute voicingFinalUnclipped_sma_iqr2-3 numeric
@attribute voicingFinalUnclipped_sma_iqr1-3 numeric
@attribute voicingFinalUnclipped_sma_percentile1.0 numeric
@attribute voicingFinalUnclipped_sma_percentile99.0 numeric
@attribute voicingFinalUnclipped_sma_pctlrange0-1 numeric
@attribute voicingFinalUnclipped_sma_stddev numeric
@attribute voicingFinalUnclipped_sma_skewness numeric
@attribute voicingFinalUnclipped_sma_kurtosis numeric
@attribute voicingFinalUnclipped_sma_upleveltime25 numeric
@attribute voicingFinalUnclipped_sma_upleveltime50 numeric
@attribute voicingFinalUnclipped_sma_upleveltime75 numeric
@attribute voicingFinalUnclipped_sma_upleveltime90 numeric
@attribute voicingFinalUnclipped_sma_risetime numeric
@attribute voicingFinalUnclipped_sma_leftctime numeric
@attribute voicingFinalUnclipped_sma_lpgain numeric
@attribute voicingFinalUnclipped_sma_lpc0 numeric
@attribute voicingFinalUnclipped_sma_lpc1 numeric
@attribute voicingFinalUnclipped_sma_lpc2 numeric
@attribute voicingFinalUnclipped_sma_lpc3 numeric
@attribute voicingFinalUnclipped_sma_lpc4 numeric
@attribute jitterLocal_sma_amean numeric
@attribute jitterLocal_sma_flatness numeric
@attribute jitterLocal_sma_posamean numeric
@attribute jitterLocal_sma_rqmean numeric
@attribute jitterLocal_sma_range numeric
@attribute jitterLocal_sma_maxPos numeric
@attribute jitterLocal_sma_minPos numeric
@attribute jitterLocal_sma_linregc1 numeric
@attribute jitterLocal_sma_linregc2 numeric
@attribute jitterLocal_sma_linregerrQ numeric
@attribute jitterLocal_sma_qregc1 numeric
@attribute jitterLocal_sma_qregc2 numeric
@attribute jitterLocal_sma_qregc3 numeric
@attribute jitterLocal_sma_qregerrQ numeric
@attribute jitterLocal_sma_centroid numeric
@attribute jitterLocal_sma_quartile1 numeric
@attribute jitterLocal_sma_quartile2 numeric
@attribute jitterLocal_sma_quartile3 numeric
@attribute jitterLocal_sma_iqr1-2 numeric
@attribute jitterLocal_sma_iqr2-3 numeric
@attribute jitterLocal_sma_iqr1-3 numeric
@attribute jitterLocal_sma_percentile1.0 numeric
@attribute jitterLocal_sma_percentile99.0 numeric
@attribute jitterLocal_sma_pctlrange0-1 numeric
@attribute jitterLocal_sma_stddev numeric
@attribute jitterLocal_sma_skewness numeric
@attribute jitterLocal_sma_kurtosis numeric
@attribute jitterLocal_sma_upleveltime25 numeric
@attribute jitterLocal_sma_upleveltime50 numeric
@attribute jitterLocal_sma_upleveltime75 numeric
@attribute jitterLocal_sma_upleveltime90 numeric
@attribute jitterLocal_sma_risetime numeric
@attribute jitterLocal_sma_leftctime numeric
@attribute jitterLocal_sma_lpgain numeric
@attribute jitterLocal_sma_lpc0 numeric
@attribute jitterLocal_sma_lpc1 numeric
@attribute jitterLocal_sma_lpc2 numeric
@attribute jitterLocal_sma_lpc3 numeric
@attribute jitterLocal_sma_lpc4 numeric
@attribute jitterDDP_sma_amean numeric
@attribute jitterDDP_sma_flatness numeric
@attribute jitterDDP_sma_posamean numeric
@attribute jitterDDP_sma_rqmean numeric
@attribute jitterDDP_sma_range numeric
@attribute jitterDDP_sma_maxPos numeric
@attribute jitterDDP_sma_minPos numeric
@attribute jitterDDP_sma_linregc1 numeric
@attribute jitterDDP_sma_linregc2 numeric
@attribute jitterDDP_sma_linregerrQ numeric
@attribute jitterDDP_sma_qregc1 numeric
@attribute jitterDDP_sma_qregc2 numeric
@attribute jitterDDP_sma_qregc3 numeric
@attribute jitterDDP_sma_qregerrQ numeric
@attribute jitterDDP_sma_centroid numeric
@attribute jitterDDP_sma_quartile1 numeric
@attribute jitterDDP_sma_quartile2 numeric
@attribute jitterDDP_sma_quartile3 numeric
@attribute jitterDDP_sma_iqr1-2 numeric
@attribute jitterDDP_sma_iqr2-3 numeric
@attribute jitterDDP_sma_iqr1-3 numeric
@attribute jitterDDP_sma_percentile1.0 numeric
@attribute jitterDDP_sma_percentile99.0 numeric
@attribute jitterDDP_sma_pctlrange0-1 numeric
@attribute jitterDDP_sma_stddev numeric
@attribute jitterDDP_sma_skewness numeric
@attribute jitterDDP_sma_kurtosis numeric
@attribute jitterDDP_sma_upleveltime25 numeric
@attribute jitterDDP_sma_upleveltime50 numeric
@attribute jitterDDP_sma_upleveltime75 numeric
@attribute jitterDDP_sma_upleveltime90 numeric
@attribute jitterDDP_sma_risetime numeric
@attribute jitterDDP_sma_leftctime numeric
@attribute jitterDDP_sma_lpgain numeric
@attribute jitterDDP_sma_lpc0 numeric
@attribute jitterDDP_sma_lpc1 numeric
@attribute jitterDDP_sma_lpc2 numeric
@attribute jitterDDP_sma_lpc3 numeric
@attribute jitterDDP_sma_lpc4 numeric
@attribute shimmerLocal_sma_amean numeric
@attribute shimmerLocal_sma_flatness numeric
@attribute shimmerLocal_sma_posamean numeric
@attribute shimmerLocal_sma_rqmean numeric
@attribute shimmerLocal_sma_range numeric
@attribute shimmerLocal_sma_maxPos numeric
@attribute shimmerLocal_sma_minPos numeric
@attribute shimmerLocal_sma_linregc1 numeric
@attribute shimmerLocal_sma_linregc2 numeric
@attribute shimmerLocal_sma_linregerrQ numeric
@attribute shimmerLocal_sma_qregc1 numeric
@attribute shimmerLocal_sma_qregc2 numeric
@attribute shimmerLocal_sma_qregc3 numeric
@attribute shimmerLocal_sma_qregerrQ numeric
@attribute shimmerLocal_sma_centroid numeric
@attribute shimmerLocal_sma_quartile1 numeric
@attribute shimmerLocal_sma_quartile2 numeric
@attribute shimmerLocal_sma_quartile3 numeric
@attribute shimmerLocal_sma_iqr1-2 numeric
@attribute shimmerLocal_sma_iqr2-3 numeric
@attribute shimmerLocal_sma_iqr1-3 numeric
@attribute shimmerLocal_sma_percentile1.0 numeric
@attribute shimmerLocal_sma_percentile99.0 numeric
@attribute shimmerLocal_sma_pctlrange0-1 numeric
@attribute shimmerLocal_sma_stddev numeric
@attribute shimmerLocal_sma_skewness numeric
@attribute shimmerLocal_sma_kurtosis numeric
@attribute shimmerLocal_sma_upleveltime25 numeric
@attribute shimmerLocal_sma_upleveltime50 numeric
@attribute shimmerLocal_sma_upleveltime75 numeric
@attribute shimmerLocal_sma_upleveltime90 numeric
@attribute shimmerLocal_sma_risetime numeric
@attribute shimmerLocal_sma_leftctime numeric
@attribute shimmerLocal_sma_lpgain numeric
@attribute shimmerLocal_sma_lpc0 numeric
@attribute shimmerLocal_sma_lpc1 numeric
@attribute shimmerLocal_sma_lpc2 numeric
@attribute shimmerLocal_sma_lpc3 numeric
@attribute shimmerLocal_sma_lpc4 numeric
@attribute logHNR_sma_amean numeric
@attribute logHNR_sma_flatness numeric
@attribute logHNR_sma_posamean numeric
@attribute logHNR_sma_rqmean numeric
@attribute logHNR_sma_range numeric
@attribute logHNR_sma_maxPos numeric
@attribute logHNR_sma_minPos numeric
@attribute logHNR_sma_linregc1 numeric
@attribute logHNR_sma_linregc2 numeric
@attribute logHNR_sma_linregerrQ numeric
@attribute logHNR_sma_qregc1 numeric
@attribute logHNR_sma_qregc2 numeric
@attribute logHNR_sma_qregc3 numeric
@attribute logHNR_sma_qregerrQ numeric
@attribute logHNR_sma_centroid numeric
@attribute logHNR_sma_quartile1 numeric
@attribute logHNR_sma_quartile2 numeric
@attribute logHNR_sma_quartile3 numeric
@attribute logHNR_sma_iqr1-2 numeric
@attribute logHNR_sma_iqr2-3 numeric
@attribute logHNR_sma_iqr1-3 numeric
@attribute logHNR_sma_percentile1.0 numeric
@attribute logHNR_sma_percentile99.0 numeric
@attribute logHNR_sma_pctlrange0-1 numeric
@attribute logHNR_sma_stddev numeric
@attribute logHNR_sma_skewness numeric
@attribute logHNR_sma_kurtosis numeric
@attribute logHNR_sma_upleveltime25 numeric
@attribute logHNR_sma_upleveltime50 numeric
@attribute logHNR_sma_upleveltime75 numeric
@attribute logHNR_sma_upleveltime90 numeric
@attribute logHNR_sma_risetime numeric
@attribute logHNR_sma_leftctime numeric
@attribute logHNR_sma_lpgain numeric
@attribute logHNR_sma_lpc0 numeric
@attribute logHNR_sma_lpc1 numeric
@attribute logHNR_sma_lpc2 numeric
@attribute logHNR_sma_lpc3 numeric
@attribute logHNR_sma_lpc4 numeric
@attribute F0final_sma_de_amean numeric
@attribute F0final_sma_de_flatness numeric
@attribute F0final_sma_de_posamean numeric
@attribute F0final_sma_de_rqmean numeric
@attribute F0final_sma_de_range numeric
@attribute F0final_sma_de_maxPos numeric
@attribute F0final_sma_de_minPos numeric
@attribute F0final_sma_de_linregc1 numeric
@attribute F0final_sma_de_linregc2 numeric
@attribute F0final_sma_de_linregerrQ numeric
@attribute F0final_sma_de_qregc1 numeric
@attribute F0final_sma_de_qregc2 numeric
@attribute F0final_sma_de_qregc3 numeric
@attribute F0final_sma_de_qregerrQ numeric
@attribute F0final_sma_de_centroid numeric
@attribute F0final_sma_de_quartile1 numeric
@attribute F0final_sma_de_quartile2 numeric
@attribute F0final_sma_de_quartile3 numeric
@attribute F0final_sma_de_iqr1-2 numeric
@attribute F0final_sma_de_iqr2-3 numeric
@attribute F0final_sma_de_iqr1-3 numeric
@attribute F0final_sma_de_percentile1.0 numeric
@attribute F0final_sma_de_percentile99.0 numeric
@attribute F0final_sma_de_pctlrange0-1 numeric
@attribute F0final_sma_de_stddev numeric
@attribute F0final_sma_de_skewness numeric
@attribute F0final_sma_de_kurtosis numeric
@attribute F0final_sma_de_upleveltime25 numeric
@attribute F0final_sma_de_upleveltime50 numeric
@attribute F0final_sma_de_upleveltime75 numeric
@attribute F0final_sma_de_upleveltime90 numeric
@attribute F0final_sma_de_risetime numeric
@attribute F0final_sma_de_leftctime numeric
@attribute F0final_sma_de_lpgain numeric
@attribute F0final_sma_de_lpc0 numeric
@attribute F0final_sma_de_lpc1 numeric
@attribute F0final_sma_de_lpc2 numeric
@attribute F0final_sma_de_lpc3 numeric
@attribute F0final_sma_de_lpc4 numeric
@attribute voicingFinalUnclipped_sma_de_amean numeric
@attribute voicingFinalUnclipped_sma_de_flatness numeric
@attribute voicingFinalUnclipped_sma_de_posamean numeric
@attribute voicingFinalUnclipped_sma_de_rqmean numeric
@attribute voicingFinalUnclipped_sma_de_range numeric
@attribute voicingFinalUnclipped_sma_de_maxPos numeric
@attribute voicingFinalUnclipped_sma_de_minPos numeric
@attribute voicingFinalUnclipped_sma_de_linregc1 numeric
@attribute voicingFinalUnclipped_sma_de_linregc2 numeric
@attribute voicingFinalUnclipped_sma_de_linregerrQ numeric
@attribute voicingFinalUnclipped_sma_de_qregc1 numeric
@attribute voicingFinalUnclipped_sma_de_qregc2 numeric
@attribute voicingFinalUnclipped_sma_de_qregc3 numeric
@attribute voicingFinalUnclipped_sma_de_qregerrQ numeric
@attribute voicingFinalUnclipped_sma_de_centroid numeric
@attribute voicingFinalUnclipped_sma_de_quartile1 numeric
@attribute voicingFinalUnclipped_sma_de_quartile2 numeric
@attribute voicingFinalUnclipped_sma_de_quartile3 numeric
@attribute voicingFinalUnclipped_sma_de_iqr1-2 numeric
@attribute voicingFinalUnclipped_sma_de_iqr2-3 numeric
@attribute voicingFinalUnclipped_sma_de_iqr1-3 numeric
@attribute voicingFinalUnclipped_sma_de_percentile1.0 numeric
@attribute voicingFinalUnclipped_sma_de_percentile99.0 numeric
@attribute voicingFinalUnclipped_sma_de_pctlrange0-1 numeric
@attribute voicingFinalUnclipped_sma_de_stddev numeric
@attribute voicingFinalUnclipped_sma_de_skewness numeric
@attribute voicingFinalUnclipped_sma_de_kurtosis numeric
@attribute voicingFinalUnclipped_sma_de_upleveltime25 numeric
@attribute voicingFinalUnclipped_sma_de_upleveltime50 numeric
@attribute voicingFinalUnclipped_sma_de_upleveltime75 numeric
@attribute voicingFinalUnclipped_sma_de_upleveltime90 numeric
@attribute voicingFinalUnclipped_sma_de_risetime numeric
@attribute voicingFinalUnclipped_sma_de_leftctime numeric
@attribute voicingFinalUnclipped_sma_de_lpgain numeric
@attribute voicingFinalUnclipped_sma_de_lpc0 numeric
@attribute voicingFinalUnclipped_sma_de_lpc1 numeric
@attribute voicingFinalUnclipped_sma_de_lpc2 numeric
@attribute voicingFinalUnclipped_sma_de_lpc3 numeric
@attribute voicingFinalUnclipped_sma_de_lpc4 numeric
@attribute jitterLocal_sma_de_amean numeric
@attribute jitterLocal_sma_de_flatness numeric
@attribute jitterLocal_sma_de_posamean numeric
@attribute jitterLocal_sma_de_rqmean numeric
@attribute jitterLocal_sma_de_range numeric
@attribute jitterLocal_sma_de_maxPos numeric
@attribute jitterLocal_sma_de_minPos numeric
@attribute jitterLocal_sma_de_linregc1 numeric
@attribute jitterLocal_sma_de_linregc2 numeric
@attribute jitterLocal_sma_de_linregerrQ numeric
@attribute jitterLocal_sma_de_qregc1 numeric
@attribute jitterLocal_sma_de_qregc2 numeric
@attribute jitterLocal_sma_de_qregc3 numeric
@attribute jitterLocal_sma_de_qregerrQ numeric
@attribute jitterLocal_sma_de_centroid numeric
@attribute jitterLocal_sma_de_quartile1 numeric
@attribute jitterLocal_sma_de_quartile2 numeric
@attribute jitterLocal_sma_de_quartile3 numeric
@attribute jitterLocal_sma_de_iqr1-2 numeric
@attribute jitterLocal_sma_de_iqr2-3 numeric
@attribute jitterLocal_sma_de_iqr1-3 numeric
@attribute jitterLocal_sma_de_percentile1.0 numeric
@attribute jitterLocal_sma_de_percentile99.0 numeric
@attribute jitterLocal_sma_de_pctlrange0-1 numeric
@attribute jitterLocal_sma_de_stddev numeric
@attribute jitterLocal_sma_de_skewness numeric
@attribute jitterLocal_sma_de_kurtosis numeric
@attribute jitterLocal_sma_de_upleveltime25 numeric
@attribute jitterLocal_sma_de_upleveltime50 numeric
@attribute jitterLocal_sma_de_upleveltime75 numeric
@attribute jitterLocal_sma_de_upleveltime90 numeric
@attribute jitterLocal_sma_de_risetime numeric
@attribute jitterLocal_sma_de_leftctime numeric
@attribute jitterLocal_sma_de_lpgain numeric
@attribute jitterLocal_sma_de_lpc0 numeric
@attribute jitterLocal_sma_de_lpc1 numeric
@attribute jitterLocal_sma_de_lpc2 numeric
@attribute jitterLocal_sma_de_lpc3 numeric
@attribute jitterLocal_sma_de_lpc4 numeric
@attribute jitterDDP_sma_de_amean numeric
@attribute jitterDDP_sma_de_flatness numeric
@attribute jitterDDP_sma_de_posamean numeric
@attribute jitterDDP_sma_de_rqmean numeric
@attribute jitterDDP_sma_de_range numeric
@attribute jitterDDP_sma_de_maxPos numeric
@attribute jitterDDP_sma_de_minPos numeric
@attribute jitterDDP_sma_de_linregc1 numeric
@attribute jitterDDP_sma_de_linregc2 numeric
@attribute jitterDDP_sma_de_linregerrQ numeric
@attribute jitterDDP_sma_de_qregc1 numeric
@attribute jitterDDP_sma_de_qregc2 numeric
@attribute jitterDDP_sma_de_qregc3 numeric
@attribute jitterDDP_sma_de_qregerrQ numeric
@attribute jitterDDP_sma_de_centroid numeric
@attribute jitterDDP_sma_de_quartile1 numeric
@attribute jitterDDP_sma_de_quartile2 numeric
@attribute jitterDDP_sma_de_quartile3 numeric
@attribute jitterDDP_sma_de_iqr1-2 numeric
@attribute jitterDDP_sma_de_iqr2-3 numeric
@attribute jitterDDP_sma_de_iqr1-3 numeric
@attribute jitterDDP_sma_de_percentile1.0 numeric
@attribute jitterDDP_sma_de_percentile99.0 numeric
@attribute jitterDDP_sma_de_pctlrange0-1 numeric
@attribute jitterDDP_sma_de_stddev numeric
@attribute jitterDDP_sma_de_skewness numeric
@attribute jitterDDP_sma_de_kurtosis numeric
@attribute jitterDDP_sma_de_upleveltime25 numeric
@attribute jitterDDP_sma_de_upleveltime50 numeric
@attribute jitterDDP_sma_de_upleveltime75 numeric
@attribute jitterDDP_sma_de_upleveltime90 numeric
@attribute jitterDDP_sma_de_risetime numeric
@attribute jitterDDP_sma_de_leftctime numeric
@attribute jitterDDP_sma_de_lpgain numeric
@attribute jitterDDP_sma_de_lpc0 numeric
@attribute jitterDDP_sma_de_lpc1 numeric
@attribute jitterDDP_sma_de_lpc2 numeric
@attribute jitterDDP_sma_de_lpc3 numeric
@attribute jitterDDP_sma_de_lpc4 numeric
@attribute shimmerLocal_sma_de_amean numeric
@attribute shimmerLocal_sma_de_flatness numeric
@attribute shimmerLocal_sma_de_posamean numeric
@attribute shimmerLocal_sma_de_rqmean numeric
@attribute shimmerLocal_sma_de_range numeric
@attribute shimmerLocal_sma_de_maxPos numeric
@attribute shimmerLocal_sma_de_minPos numeric
@attribute shimmerLocal_sma_de_linregc1 numeric
@attribute shimmerLocal_sma_de_linregc2 numeric
@attribute shimmerLocal_sma_de_linregerrQ numeric
@attribute shimmerLocal_sma_de_qregc1 numeric
@attribute shimmerLocal_sma_de_qregc2 numeric
@attribute shimmerLocal_sma_de_qregc3 numeric
@attribute shimmerLocal_sma_de_qregerrQ numeric
@attribute shimmerLocal_sma_de_centroid numeric
@attribute shimmerLocal_sma_de_quartile1 numeric
@attribute shimmerLocal_sma_de_quartile2 numeric
@attribute shimmerLocal_sma_de_quartile3 numeric
@attribute shimmerLocal_sma_de_iqr1-2 numeric
@attribute shimmerLocal_sma_de_iqr2-3 numeric
@attribute shimmerLocal_sma_de_iqr1-3 numeric
@attribute shimmerLocal_sma_de_percentile1.0 numeric
@attribute shimmerLocal_sma_de_percentile99.0 numeric
@attribute shimmerLocal_sma_de_pctlrange0-1 numeric
@attribute shimmerLocal_sma_de_stddev numeric
@attribute shimmerLocal_sma_de_skewness numeric
@attribute shimmerLocal_sma_de_kurtosis numeric
@attribute shimmerLocal_sma_de_upleveltime25 numeric
@attribute shimmerLocal_sma_de_upleveltime50 numeric
@attribute shimmerLocal_sma_de_upleveltime75 numeric
@attribute shimmerLocal_sma_de_upleveltime90 numeric
@attribute shimmerLocal_sma_de_risetime numeric
@attribute shimmerLocal_sma_de_leftctime numeric
@attribute shimmerLocal_sma_de_lpgain numeric
@attribute shimmerLocal_sma_de_lpc0 numeric
@attribute shimmerLocal_sma_de_lpc1 numeric
@attribute shimmerLocal_sma_de_lpc2 numeric
@attribute shimmerLocal_sma_de_lpc3 numeric
@attribute shimmerLocal_sma_de_lpc4 numeric
@attribute logHNR_sma_de_amean numeric
@attribute logHNR_sma_de_flatness numeric
@attribute logHNR_sma_de_posamean numeric
@attribute logHNR_sma_de_rqmean numeric
@attribute logHNR_sma_de_range numeric
@attribute logHNR_sma_de_maxPos numeric
@attribute logHNR_sma_de_minPos numeric
@attribute logHNR_sma_de_linregc1 numeric
@attribute logHNR_sma_de_linregc2 numeric
@attribute logHNR_sma_de_linregerrQ numeric
@attribute logHNR_sma_de_qregc1 numeric
@attribute logHNR_sma_de_qregc2 numeric
@attribute logHNR_sma_de_qregc3 numeric
@attribute logHNR_sma_de_qregerrQ numeric
@attribute logHNR_sma_de_centroid numeric
@attribute logHNR_sma_de_quartile1 numeric
@attribute logHNR_sma_de_quartile2 numeric
@attribute logHNR_sma_de_quartile3 numeric
@attribute logHNR_sma_de_iqr1-2 numeric
@attribute logHNR_sma_de_iqr2-3 numeric
@attribute logHNR_sma_de_iqr1-3 numeric
@attribute logHNR_sma_de_percentile1.0 numeric
@attribute logHNR_sma_de_percentile99.0 numeric
@attribute logHNR_sma_de_pctlrange0-1 numeric
@attribute logHNR_sma_de_stddev numeric
@attribute logHNR_sma_de_skewness numeric
@attribute logHNR_sma_de_kurtosis numeric
@attribute logHNR_sma_de_upleveltime25 numeric
@attribute logHNR_sma_de_upleveltime50 numeric
@attribute logHNR_sma_de_upleveltime75 numeric
@attribute logHNR_sma_de_upleveltime90 numeric
@attribute logHNR_sma_de_risetime numeric
@attribute logHNR_sma_de_leftctime numeric
@attribute logHNR_sma_de_lpgain numeric
@attribute logHNR_sma_de_lpc0 numeric
@attribute logHNR_sma_de_lpc1 numeric
@attribute logHNR_sma_de_lpc2 numeric
@attribute logHNR_sma_de_lpc3 numeric
@attribute logHNR_sma_de_lpc4 numeric
@attribute F0final_sma_ff0_nnz numeric
@attribute F0final_sma_ff0_meanSegLen numeric
@attribute F0final_sma_ff0_maxSegLen numeric
@attribute F0final_sma_ff0_minSegLen numeric
@attribute F0final_sma_ff0_segLenStddev numeric
@attribute audspec_lengthL1norm_sma_amean numeric
@attribute audspec_lengthL1norm_sma_flatness numeric
@attribute audspec_lengthL1norm_sma_rqmean numeric
@attribute audspec_lengthL1norm_sma_meanPeakDist numeric
@attribute audspec_lengthL1norm_sma_peakDistStddev numeric
@attribute audspec_lengthL1norm_sma_peakRangeAbs numeric
@attribute audspec_lengthL1norm_sma_peakRangeRel numeric
@attribute audspec_lengthL1norm_sma_peakMeanAbs numeric
@attribute audspec_lengthL1norm_sma_peakMeanMeanDist numeric
@attribute audspec_lengthL1norm_sma_peakMeanRel numeric
@attribute audspec_lengthL1norm_sma_minRangeRel numeric
@attribute audspec_lengthL1norm_sma_meanRisingSlope numeric
@attribute audspec_lengthL1norm_sma_stddevRisingSlope numeric
@attribute audspec_lengthL1norm_sma_meanFallingSlope numeric
@attribute audspec_lengthL1norm_sma_stddevFallingSlope numeric
@attribute audspec_lengthL1norm_sma_linregc1 numeric
@attribute audspec_lengthL1norm_sma_linregc2 numeric
@attribute audspec_lengthL1norm_sma_linregerrQ numeric
@attribute audspec_lengthL1norm_sma_qregc1 numeric
@attribute audspec_lengthL1norm_sma_qregc2 numeric
@attribute audspec_lengthL1norm_sma_qregc3 numeric
@attribute audspec_lengthL1norm_sma_qregerrQ numeric
@attribute audspec_lengthL1norm_sma_centroid numeric
@attribute audspecRasta_lengthL1norm_sma_amean numeric
@attribute audspecRasta_lengthL1norm_sma_flatness numeric
@attribute audspecRasta_lengthL1norm_sma_rqmean numeric
@attribute audspecRasta_lengthL1norm_sma_meanPeakDist numeric
@attribute audspecRasta_lengthL1norm_sma_peakDistStddev numeric
@attribute audspecRasta_lengthL1norm_sma_peakRangeAbs numeric
@attribute audspecRasta_lengthL1norm_sma_peakRangeRel numeric
@attribute audspecRasta_lengthL1norm_sma_peakMeanAbs numeric
@attribute audspecRasta_lengthL1norm_sma_peakMeanMeanDist numeric
@attribute audspecRasta_lengthL1norm_sma_peakMeanRel numeric
@attribute audspecRasta_lengthL1norm_sma_minRangeRel numeric
@attribute audspecRasta_lengthL1norm_sma_meanRisingSlope numeric
@attribute audspecRasta_lengthL1norm_sma_stddevRisingSlope numeric
@attribute audspecRasta_lengthL1norm_sma_meanFallingSlope numeric
@attribute audspecRasta_lengthL1norm_sma_stddevFallingSlope numeric
@attribute audspecRasta_lengthL1norm_sma_linregc1 numeric
@attribute audspecRasta_lengthL1norm_sma_linregc2 numeric
@attribute audspecRasta_lengthL1norm_sma_linregerrQ numeric
@attribute audspecRasta_lengthL1norm_sma_qregc1 numeric
@attribute audspecRasta_lengthL1norm_sma_qregc2 numeric
@attribute audspecRasta_lengthL1norm_sma_qregc3 numeric
@attribute audspecRasta_lengthL1norm_sma_qregerrQ numeric
@attribute audspecRasta_lengthL1norm_sma_centroid numeric
@attribute pcm_RMSenergy_sma_amean numeric
@attribute pcm_RMSenergy_sma_flatness numeric
@attribute pcm_RMSenergy_sma_rqmean numeric
@attribute pcm_RMSenergy_sma_meanPeakDist numeric
@attribute pcm_RMSenergy_sma_peakDistStddev numeric
@attribute pcm_RMSenergy_sma_peakRangeAbs numeric
@attribute pcm_RMSenergy_sma_peakRangeRel numeric
@attribute pcm_RMSenergy_sma_peakMeanAbs numeric
@attribute pcm_RMSenergy_sma_peakMeanMeanDist numeric
@attribute pcm_RMSenergy_sma_peakMeanRel numeric
@attribute pcm_RMSenergy_sma_minRangeRel numeric
@attribute pcm_RMSenergy_sma_meanRisingSlope numeric
@attribute pcm_RMSenergy_sma_stddevRisingSlope numeric
@attribute pcm_RMSenergy_sma_meanFallingSlope numeric
@attribute pcm_RMSenergy_sma_stddevFallingSlope numeric
@attribute pcm_RMSenergy_sma_linregc1 numeric
@attribute pcm_RMSenergy_sma_linregc2 numeric
@attribute pcm_RMSenergy_sma_linregerrQ numeric
@attribute pcm_RMSenergy_sma_qregc1 numeric
@attribute pcm_RMSenergy_sma_qregc2 numeric
@attribute pcm_RMSenergy_sma_qregc3 numeric
@attribute pcm_RMSenergy_sma_qregerrQ numeric
@attribute pcm_RMSenergy_sma_centroid numeric
@attribute pcm_zcr_sma_amean numeric
@attribute pcm_zcr_sma_flatness numeric
@attribute pcm_zcr_sma_rqmean numeric
@attribute pcm_zcr_sma_meanPeakDist numeric
@attribute pcm_zcr_sma_peakDistStddev numeric
@attribute pcm_zcr_sma_peakRangeAbs numeric
@attribute pcm_zcr_sma_peakRangeRel numeric
@attribute pcm_zcr_sma_peakMeanAbs numeric
@attribute pcm_zcr_sma_peakMeanMeanDist numeric
@attribute pcm_zcr_sma_peakMeanRel numeric
@attribute pcm_zcr_sma_minRangeRel numeric
@attribute pcm_zcr_sma_meanRisingSlope numeric
@attribute pcm_zcr_sma_stddevRisingSlope numeric
@attribute pcm_zcr_sma_meanFallingSlope numeric
@attribute pcm_zcr_sma_stddevFallingSlope numeric
@attribute pcm_zcr_sma_linregc1 numeric
@attribute pcm_zcr_sma_linregc2 numeric
@attribute pcm_zcr_sma_linregerrQ numeric
@attribute pcm_zcr_sma_qregc1 numeric
@attribute pcm_zcr_sma_qregc2 numeric
@attribute pcm_zcr_sma_qregc3 numeric
@attribute pcm_zcr_sma_qregerrQ numeric
@attribute pcm_zcr_sma_centroid numeric
@attribute audSpec_Rfilt_sma[0]_amean numeric
@attribute audSpec_Rfilt_sma[0]_flatness numeric
@attribute audSpec_Rfilt_sma[0]_rqmean numeric
@attribute audSpec_Rfilt_sma[0]_meanPeakDist numeric
@attribute audSpec_Rfilt_sma[0]_peakDistStddev numeric
@attribute audSpec_Rfilt_sma[0]_peakRangeAbs numeric
@attribute audSpec_Rfilt_sma[0]_peakRangeRel numeric
@attribute audSpec_Rfilt_sma[0]_peakMeanAbs numeric
@attribute audSpec_Rfilt_sma[0]_peakMeanMeanDist numeric
@attribute audSpec_Rfilt_sma[0]_peakMeanRel numeric
@attribute audSpec_Rfilt_sma[0]_minRangeRel numeric
@attribute audSpec_Rfilt_sma[0]_meanRisingSlope numeric
@attribute audSpec_Rfilt_sma[0]_stddevRisingSlope numeric
@attribute audSpec_Rfilt_sma[0]_meanFallingSlope numeric
@attribute audSpec_Rfilt_sma[0]_stddevFallingSlope numeric
@attribute audSpec_Rfilt_sma[0]_linregc1 numeric
@attribute audSpec_Rfilt_sma[0]_linregc2 numeric
@attribute audSpec_Rfilt_sma[0]_linregerrQ numeric
@attribute audSpec_Rfilt_sma[0]_qregc1 numeric
@attribute audSpec_Rfilt_sma[0]_qregc2 numeric
@attribute audSpec_Rfilt_sma[0]_qregc3 numeric
@attribute audSpec_Rfilt_sma[0]_qregerrQ numeric
@attribute audSpec_Rfilt_sma[0]_centroid numeric
@attribute audSpec_Rfilt_sma[1]_amean numeric
@attribute audSpec_Rfilt_sma[1]_flatness numeric
@attribute audSpec_Rfilt_sma[1]_rqmean numeric
@attribute audSpec_Rfilt_sma[1]_meanPeakDist numeric
@attribute audSpec_Rfilt_sma[1]_peakDistStddev numeric
@attribute audSpec_Rfilt_sma[1]_peakRangeAbs numeric
@attribute audSpec_Rfilt_sma[1]_peakRangeRel numeric
@attribute audSpec_Rfilt_sma[1]_peakMeanAbs numeric
@attribute audSpec_Rfilt_sma[1]_peakMeanMeanDist numeric
@attribute audSpec_Rfilt_sma[1]_peakMeanRel numeric
@attribute audSpec_Rfilt_sma[1]_minRangeRel numeric
@attribute audSpec_Rfilt_sma[1]_meanRisingSlope numeric
@attribute audSpec_Rfilt_sma[1]_stddevRisingSlope numeric
@attribute audSpec_Rfilt_sma[1]_meanFallingSlope numeric
@attribute audSpec_Rfilt_sma[1]_stddevFallingSlope numeric
@attribute audSpec_Rfilt_sma[1]_linregc1 numeric
@attribute audSpec_Rfilt_sma[1]_linregc2 numeric
@attribute audSpec_Rfilt_sma[1]_linregerrQ numeric
@attribute audSpec_Rfilt_sma[1]_qregc1 numeric
@attribute audSpec_Rfilt_sma[1]_qregc2 numeric
@attribute audSpec_Rfilt_sma[1]_qregc3 numeric
@attribute audSpec_Rfilt_sma[1]_qregerrQ numeric
@attribute audSpec_Rfilt_sma[1]_centroid numeric
@attribute audSpec_Rfilt_sma[2]_amean numeric
@attribute audSpec_Rfilt_sma[2]_flatness numeric
@attribute audSpec_Rfilt_sma[2]_rqmean numeric
@attribute audSpec_Rfilt_sma[2]_meanPeakDist numeric
@attribute audSpec_Rfilt_sma[2]_peakDistStddev numeric
@attribute audSpec_Rfilt_sma[2]_peakRangeAbs numeric
@attribute audSpec_Rfilt_sma[2]_peakRangeRel numeric
@attribute audSpec_Rfilt_sma[2]_peakMeanAbs numeric
@attribute audSpec_Rfilt_sma[2]_peakMeanMeanDist numeric
@attribute audSpec_Rfilt_sma[2]_peakMeanRel numeric
@attribute audSpec_Rfilt_sma[2]_minRangeRel numeric
@attribute audSpec_Rfilt_sma[2]_meanRisingSlope numeric
@attribute audSpec_Rfilt_sma[2]_stddevRisingSlope numeric
@attribute audSpec_Rfilt_sma[2]_meanFallingSlope numeric
@attribute audSpec_Rfilt_sma[2]_stddevFallingSlope numeric
@attribute audSpec_Rfilt_sma[2]_linregc1 numeric
@attribute audSpec_Rfilt_sma[2]_linregc2 numeric
@attribute audSpec_Rfilt_sma[2]_linregerrQ numeric
@attribute audSpec_Rfilt_sma[2]_qregc1 numeric
@attribute audSpec_Rfilt_sma[2]_qregc2 numeric
@attribute audSpec_Rfilt_sma[2]_qregc3 numeric
@attribute audSpec_Rfilt_sma[2]_qregerrQ numeric
@attribute audSpec_Rfilt_sma[2]_centroid numeric
@attribute audSpec_Rfilt_sma[3]_amean numeric
@attribute audSpec_Rfilt_sma[3]_flatness numeric
@attribute audSpec_Rfilt_sma[3]_rqmean numeric
@attribute audSpec_Rfilt_sma[3]_meanPeakDist numeric
@attribute audSpec_Rfilt_sma[3]_peakDistStddev numeric
@attribute audSpec_Rfilt_sma[3]_peakRangeAbs numeric
@attribute audSpec_Rfilt_sma[3]_peakRangeRel numeric
@attribute audSpec_Rfilt_sma[3]_peakMeanAbs numeric
@attribute audSpec_Rfilt_sma[3]_peakMeanMeanDist numeric
@attribute audSpec_Rfilt_sma[3]_peakMeanRel numeric
@attribute audSpec_Rfilt_sma[3]_minRangeRel numeric
@attribute audSpec_Rfilt_sma[3]_meanRisingSlope numeric
@attribute audSpec_Rfilt_sma[3]_stddevRisingSlope numeric
@attribute audSpec_Rfilt_sma[3]_meanFallingSlope numeric
@attribute audSpec_Rfilt_sma[3]_stddevFallingSlope numeric
@attribute audSpec_Rfilt_sma[3]_linregc1 numeric
@attribute audSpec_Rfilt_sma[3]_linregc2 numeric
@attribute audSpec_Rfilt_sma[3]_linregerrQ numeric
@attribute audSpec_Rfilt_sma[3]_qregc1 numeric
@attribute audSpec_Rfilt_sma[3]_qregc2 numeric
@attribute audSpec_Rfilt_sma[3]_qregc3 numeric
@attribute audSpec_Rfilt_sma[3]_qregerrQ numeric
@attribute audSpec_Rfilt_sma[3]_centroid numeric
@attribute audSpec_Rfilt_sma[4]_amean numeric
@attribute audSpec_Rfilt_sma[4]_flatness numeric
@attribute audSpec_Rfilt_sma[4]_rqmean numeric
@attribute audSpec_Rfilt_sma[4]_meanPeakDist numeric
@attribute audSpec_Rfilt_sma[4]_peakDistStddev numeric
@attribute audSpec_Rfilt_sma[4]_peakRangeAbs numeric
@attribute audSpec_Rfilt_sma[4]_peakRangeRel numeric
@attribute audSpec_Rfilt_sma[4]_peakMeanAbs numeric
@attribute audSpec_Rfilt_sma[4]_peakMeanMeanDist numeric
@attribute audSpec_Rfilt_sma[4]_peakMeanRel numeric
@attribute audSpec_Rfilt_sma[4]_minRangeRel numeric
@attribute audSpec_Rfilt_sma[4]_meanRisingSlope numeric
@attribute audSpec_Rfilt_sma[4]_stddevRisingSlope numeric
@attribute audSpec_Rfilt_sma[4]_meanFallingSlope numeric
@attribute audSpec_Rfilt_sma[4]_stddevFallingSlope numeric
@attribute audSpec_Rfilt_sma[4]_linregc1 numeric
@attribute audSpec_Rfilt_sma[4]_linregc2 numeric
@attribute audSpec_Rfilt_sma[4]_linregerrQ numeric
@attribute audSpec_Rfilt_sma[4]_qregc1 numeric
@attribute audSpec_Rfilt_sma[4]_qregc2 numeric
@attribute audSpec_Rfilt_sma[4]_qregc3 numeric
@attribute audSpec_Rfilt_sma[4]_qregerrQ numeric
@attribute audSpec_Rfilt_sma[4]_centroid numeric
@attribute audSpec_Rfilt_sma[5]_amean numeric
@attribute audSpec_Rfilt_sma[5]_flatness numeric
@attribute audSpec_Rfilt_sma[5]_rqmean numeric
@attribute audSpec_Rfilt_sma[5]_meanPeakDist numeric
@attribute audSpec_Rfilt_sma[5]_peakDistStddev numeric
@attribute audSpec_Rfilt_sma[5]_peakRangeAbs numeric
@attribute audSpec_Rfilt_sma[5]_peakRangeRel numeric
@attribute audSpec_Rfilt_sma[5]_peakMeanAbs numeric
@attribute audSpec_Rfilt_sma[5]_peakMeanMeanDist numeric
@attribute audSpec_Rfilt_sma[5]_peakMeanRel numeric
@attribute audSpec_Rfilt_sma[5]_minRangeRel numeric
@attribute audSpec_Rfilt_sma[5]_meanRisingSlope numeric
@attribute audSpec_Rfilt_sma[5]_stddevRisingSlope numeric
@attribute audSpec_Rfilt_sma[5]_meanFallingSlope numeric
@attribute audSpec_Rfilt_sma[5]_stddevFallingSlope numeric
@attribute audSpec_Rfilt_sma[5]_linregc1 numeric
@attribute audSpec_Rfilt_sma[5]_linregc2 numeric
@attribute audSpec_Rfilt_sma[5]_linregerrQ numeric
@attribute audSpec_Rfilt_sma[5]_qregc1 numeric
@attribute audSpec_Rfilt_sma[5]_qregc2 numeric
@attribute audSpec_Rfilt_sma[5]_qregc3 numeric
@attribute audSpec_Rfilt_sma[5]_qregerrQ numeric
@attribute audSpec_Rfilt_sma[5]_centroid numeric
@attribute audSpec_Rfilt_sma[6]_amean numeric
@attribute audSpec_Rfilt_sma[6]_flatness numeric
@attribute audSpec_Rfilt_sma[6]_rqmean numeric
@attribute audSpec_Rfilt_sma[6]_meanPeakDist numeric
@attribute audSpec_Rfilt_sma[6]_peakDistStddev numeric
@attribute audSpec_Rfilt_sma[6]_peakRangeAbs numeric
@attribute audSpec_Rfilt_sma[6]_peakRangeRel numeric
@attribute audSpec_Rfilt_sma[6]_peakMeanAbs numeric
@attribute audSpec_Rfilt_sma[6]_peakMeanMeanDist numeric
@attribute audSpec_Rfilt_sma[6]_peakMeanRel numeric
@attribute audSpec_Rfilt_sma[6]_minRangeRel numeric
@attribute audSpec_Rfilt_sma[6]_meanRisingSlope numeric
@attribute audSpec_Rfilt_sma[6]_stddevRisingSlope numeric
@attribute audSpec_Rfilt_sma[6]_meanFallingSlope numeric
@attribute audSpec_Rfilt_sma[6]_stddevFallingSlope numeric
@attribute audSpec_Rfilt_sma[6]_linregc1 numeric
@attribute audSpec_Rfilt_sma[6]_linregc2 numeric
@attribute audSpec_Rfilt_sma[6]_linregerrQ numeric
@attribute audSpec_Rfilt_sma[6]_qregc1 numeric
@attribute audSpec_Rfilt_sma[6]_qregc2 numeric
@attribute audSpec_Rfilt_sma[6]_qregc3 numeric
@attribute audSpec_Rfilt_sma[6]_qregerrQ numeric
@attribute audSpec_Rfilt_sma[6]_centroid numeric
@attribute audSpec_Rfilt_sma[7]_amean numeric
@attribute audSpec_Rfilt_sma[7]_flatness numeric
@attribute audSpec_Rfilt_sma[7]_rqmean numeric
@attribute audSpec_Rfilt_sma[7]_meanPeakDist numeric
@attribute audSpec_Rfilt_sma[7]_peakDistStddev numeric
@attribute audSpec_Rfilt_sma[7]_peakRangeAbs numeric
@attribute audSpec_Rfilt_sma[7]_peakRangeRel numeric
@attribute audSpec_Rfilt_sma[7]_peakMeanAbs numeric
@attribute audSpec_Rfilt_sma[7]_peakMeanMeanDist numeric
@attribute audSpec_Rfilt_sma[7]_peakMeanRel numeric
@attribute audSpec_Rfilt_sma[7]_minRangeRel numeric
@attribute audSpec_Rfilt_sma[7]_meanRisingSlope numeric
@attribute audSpec_Rfilt_sma[7]_stddevRisingSlope numeric
@attribute audSpec_Rfilt_sma[7]_meanFallingSlope numeric
@attribute audSpec_Rfilt_sma[7]_stddevFallingSlope numeric
@attribute audSpec_Rfilt_sma[7]_linregc1 numeric
@attribute audSpec_Rfilt_sma[7]_linregc2 numeric
@attribute audSpec_Rfilt_sma[7]_linregerrQ numeric
@attribute audSpec_Rfilt_sma[7]_qregc1 numeric
@attribute audSpec_Rfilt_sma[7]_qregc2 numeric
@attribute audSpec_Rfilt_sma[7]_qregc3 numeric
@attribute audSpec_Rfilt_sma[7]_qregerrQ numeric
@attribute audSpec_Rfilt_sma[7]_centroid numeric
@attribute audSpec_Rfilt_sma[8]_amean numeric
@attribute audSpec_Rfilt_sma[8]_flatness numeric
@attribute audSpec_Rfilt_sma[8]_rqmean numeric
@attribute audSpec_Rfilt_sma[8]_meanPeakDist numeric
@attribute audSpec_Rfilt_sma[8]_peakDistStddev numeric
@attribute audSpec_Rfilt_sma[8]_peakRangeAbs numeric
@attribute audSpec_Rfilt_sma[8]_peakRangeRel numeric
@attribute audSpec_Rfilt_sma[8]_peakMeanAbs numeric
@attribute audSpec_Rfilt_sma[8]_peakMeanMeanDist numeric
@attribute audSpec_Rfilt_sma[8]_peakMeanRel numeric
@attribute audSpec_Rfilt_sma[8]_minRangeRel numeric
@attribute audSpec_Rfilt_sma[8]_meanRisingSlope numeric
@attribute audSpec_Rfilt_sma[8]_stddevRisingSlope numeric
@attribute audSpec_Rfilt_sma[8]_meanFallingSlope numeric
@attribute audSpec_Rfilt_sma[8]_stddevFallingSlope numeric
@attribute audSpec_Rfilt_sma[8]_linregc1 numeric
@attribute audSpec_Rfilt_sma[8]_linregc2 numeric
@attribute audSpec_Rfilt_sma[8]_linregerrQ numeric
@attribute audSpec_Rfilt_sma[8]_qregc1 numeric
@attribute audSpec_Rfilt_sma[8]_qregc2 numeric
@attribute audSpec_Rfilt_sma[8]_qregc3 numeric
@attribute audSpec_Rfilt_sma[8]_qregerrQ numeric
@attribute audSpec_Rfilt_sma[8]_centroid numeric
@attribute audSpec_Rfilt_sma[9]_amean numeric
@attribute audSpec_Rfilt_sma[9]_flatness numeric
@attribute audSpec_Rfilt_sma[9]_rqmean numeric
@attribute audSpec_Rfilt_sma[9]_meanPeakDist numeric
@attribute audSpec_Rfilt_sma[9]_peakDistStddev numeric
@attribute audSpec_Rfilt_sma[9]_peakRangeAbs numeric
@attribute audSpec_Rfilt_sma[9]_peakRangeRel numeric
@attribute audSpec_Rfilt_sma[9]_peakMeanAbs numeric
@attribute audSpec_Rfilt_sma[9]_peakMeanMeanDist numeric
@attribute audSpec_Rfilt_sma[9]_peakMeanRel numeric
@attribute audSpec_Rfilt_sma[9]_minRangeRel numeric
@attribute audSpec_Rfilt_sma[9]_meanRisingSlope numeric
@attribute audSpec_Rfilt_sma[9]_stddevRisingSlope numeric
@attribute audSpec_Rfilt_sma[9]_meanFallingSlope numeric
@attribute audSpec_Rfilt_sma[9]_stddevFallingSlope numeric
@attribute audSpec_Rfilt_sma[9]_linregc1 numeric
@attribute audSpec_Rfilt_sma[9]_linregc2 numeric
@attribute audSpec_Rfilt_sma[9]_linregerrQ numeric
@attribute audSpec_Rfilt_sma[9]_qregc1 numeric
@attribute audSpec_Rfilt_sma[9]_qregc2 numeric
@attribute audSpec_Rfilt_sma[9]_qregc3 numeric
@attribute audSpec_Rfilt_sma[9]_qregerrQ numeric
@attribute audSpec_Rfilt_sma[9]_centroid numeric
@attribute audSpec_Rfilt_sma[10]_amean numeric
@attribute audSpec_Rfilt_sma[10]_flatness numeric
@attribute audSpec_Rfilt_sma[10]_rqmean numeric
@attribute audSpec_Rfilt_sma[10]_meanPeakDist numeric
@attribute audSpec_Rfilt_sma[10]_peakDistStddev numeric
@attribute audSpec_Rfilt_sma[10]_peakRangeAbs numeric
@attribute audSpec_Rfilt_sma[10]_peakRangeRel numeric
@attribute audSpec_Rfilt_sma[10]_peakMeanAbs numeric
@attribute audSpec_Rfilt_sma[10]_peakMeanMeanDist numeric
@attribute audSpec_Rfilt_sma[10]_peakMeanRel numeric
@attribute audSpec_Rfilt_sma[10]_minRangeRel numeric
@attribute audSpec_Rfilt_sma[10]_meanRisingSlope numeric
@attribute audSpec_Rfilt_sma[10]_stddevRisingSlope numeric
@attribute audSpec_Rfilt_sma[10]_meanFallingSlope numeric
@attribute audSpec_Rfilt_sma[10]_stddevFallingSlope numeric
@attribute audSpec_Rfilt_sma[10]_linregc1 numeric
@attribute audSpec_Rfilt_sma[10]_linregc2 numeric
@attribute audSpec_Rfilt_sma[10]_linregerrQ numeric
@attribute audSpec_Rfilt_sma[10]_qregc1 numeric
@attribute audSpec_Rfilt_sma[10]_qregc2 numeric
@attribute audSpec_Rfilt_sma[10]_qregc3 numeric
@attribute audSpec_Rfilt_sma[10]_qregerrQ numeric
@attribute audSpec_Rfilt_sma[10]_centroid numeric
@attribute audSpec_Rfilt_sma[11]_amean numeric
@attribute audSpec_Rfilt_sma[11]_flatness numeric
@attribute audSpec_Rfilt_sma[11]_rqmean numeric
@attribute audSpec_Rfilt_sma[11]_meanPeakDist numeric
@attribute audSpec_Rfilt_sma[11]_peakDistStddev numeric
@attribute audSpec_Rfilt_sma[11]_peakRangeAbs numeric
@attribute audSpec_Rfilt_sma[11]_peakRangeRel numeric
@attribute audSpec_Rfilt_sma[11]_peakMeanAbs numeric
@attribute audSpec_Rfilt_sma[11]_peakMeanMeanDist numeric
@attribute audSpec_Rfilt_sma[11]_peakMeanRel numeric
@attribute audSpec_Rfilt_sma[11]_minRangeRel numeric
@attribute audSpec_Rfilt_sma[11]_meanRisingSlope numeric
@attribute audSpec_Rfilt_sma[11]_stddevRisingSlope numeric
@attribute audSpec_Rfilt_sma[11]_meanFallingSlope numeric
@attribute audSpec_Rfilt_sma[11]_stddevFallingSlope numeric
@attribute audSpec_Rfilt_sma[11]_linregc1 numeric
@attribute audSpec_Rfilt_sma[11]_linregc2 numeric
@attribute audSpec_Rfilt_sma[11]_linregerrQ numeric
@attribute audSpec_Rfilt_sma[11]_qregc1 numeric
@attribute audSpec_Rfilt_sma[11]_qregc2 numeric
@attribute audSpec_Rfilt_sma[11]_qregc3 numeric
@attribute audSpec_Rfilt_sma[11]_qregerrQ numeric
@attribute audSpec_Rfilt_sma[11]_centroid numeric
@attribute audSpec_Rfilt_sma[12]_amean numeric
@attribute audSpec_Rfilt_sma[12]_flatness numeric
@attribute audSpec_Rfilt_sma[12]_rqmean numeric
@attribute audSpec_Rfilt_sma[12]_meanPeakDist numeric
@attribute audSpec_Rfilt_sma[12]_peakDistStddev numeric
@attribute audSpec_Rfilt_sma[12]_peakRangeAbs numeric
@attribute audSpec_Rfilt_sma[12]_peakRangeRel numeric
@attribute audSpec_Rfilt_sma[12]_peakMeanAbs numeric
@attribute audSpec_Rfilt_sma[12]_peakMeanMeanDist numeric
@attribute audSpec_Rfilt_sma[12]_peakMeanRel numeric
@attribute audSpec_Rfilt_sma[12]_minRangeRel numeric
@attribute audSpec_Rfilt_sma[12]_meanRisingSlope numeric
@attribute audSpec_Rfilt_sma[12]_stddevRisingSlope numeric
@attribute audSpec_Rfilt_sma[12]_meanFallingSlope numeric
@attribute audSpec_Rfilt_sma[12]_stddevFallingSlope numeric
@attribute audSpec_Rfilt_sma[12]_linregc1 numeric
@attribute audSpec_Rfilt_sma[12]_linregc2 numeric
@attribute audSpec_Rfilt_sma[12]_linregerrQ numeric
@attribute audSpec_Rfilt_sma[12]_qregc1 numeric
@attribute audSpec_Rfilt_sma[12]_qregc2 numeric
@attribute audSpec_Rfilt_sma[12]_qregc3 numeric
@attribute audSpec_Rfilt_sma[12]_qregerrQ numeric
@attribute audSpec_Rfilt_sma[12]_centroid numeric
@attribute audSpec_Rfilt_sma[13]_amean numeric
@attribute audSpec_Rfilt_sma[13]_flatness numeric
@attribute audSpec_Rfilt_sma[13]_rqmean numeric
@attribute audSpec_Rfilt_sma[13]_meanPeakDist numeric
@attribute audSpec_Rfilt_sma[13]_peakDistStddev numeric
@attribute audSpec_Rfilt_sma[13]_peakRangeAbs numeric
@attribute audSpec_Rfilt_sma[13]_peakRangeRel numeric
@attribute audSpec_Rfilt_sma[13]_peakMeanAbs numeric
@attribute audSpec_Rfilt_sma[13]_peakMeanMeanDist numeric
@attribute audSpec_Rfilt_sma[13]_peakMeanRel numeric
@attribute audSpec_Rfilt_sma[13]_minRangeRel numeric
@attribute audSpec_Rfilt_sma[13]_meanRisingSlope numeric
@attribute audSpec_Rfilt_sma[13]_stddevRisingSlope numeric
@attribute audSpec_Rfilt_sma[13]_meanFallingSlope numeric
@attribute audSpec_Rfilt_sma[13]_stddevFallingSlope numeric
@attribute audSpec_Rfilt_sma[13]_linregc1 numeric
@attribute audSpec_Rfilt_sma[13]_linregc2 numeric
@attribute audSpec_Rfilt_sma[13]_linregerrQ numeric
@attribute audSpec_Rfilt_sma[13]_qregc1 numeric
@attribute audSpec_Rfilt_sma[13]_qregc2 numeric
@attribute audSpec_Rfilt_sma[13]_qregc3 numeric
@attribute audSpec_Rfilt_sma[13]_qregerrQ numeric
@attribute audSpec_Rfilt_sma[13]_centroid numeric
@attribute audSpec_Rfilt_sma[14]_amean numeric
@attribute audSpec_Rfilt_sma[14]_flatness numeric
@attribute audSpec_Rfilt_sma[14]_rqmean numeric
@attribute audSpec_Rfilt_sma[14]_meanPeakDist numeric
@attribute audSpec_Rfilt_sma[14]_peakDistStddev numeric
@attribute audSpec_Rfilt_sma[14]_peakRangeAbs numeric
@attribute audSpec_Rfilt_sma[14]_peakRangeRel numeric
@attribute audSpec_Rfilt_sma[14]_peakMeanAbs numeric
@attribute audSpec_Rfilt_sma[14]_peakMeanMeanDist numeric
@attribute audSpec_Rfilt_sma[14]_peakMeanRel numeric
@attribute audSpec_Rfilt_sma[14]_minRangeRel numeric
@attribute audSpec_Rfilt_sma[14]_meanRisingSlope numeric
@attribute audSpec_Rfilt_sma[14]_stddevRisingSlope numeric
@attribute audSpec_Rfilt_sma[14]_meanFallingSlope numeric
@attribute audSpec_Rfilt_sma[14]_stddevFallingSlope numeric
@attribute audSpec_Rfilt_sma[14]_linregc1 numeric
@attribute audSpec_Rfilt_sma[14]_linregc2 numeric
@attribute audSpec_Rfilt_sma[14]_linregerrQ numeric
@attribute audSpec_Rfilt_sma[14]_qregc1 numeric
@attribute audSpec_Rfilt_sma[14]_qregc2 numeric
@attribute audSpec_Rfilt_sma[14]_qregc3 numeric
@attribute audSpec_Rfilt_sma[14]_qregerrQ numeric
@attribute audSpec_Rfilt_sma[14]_centroid numeric
@attribute audSpec_Rfilt_sma[15]_amean numeric
@attribute audSpec_Rfilt_sma[15]_flatness numeric
@attribute audSpec_Rfilt_sma[15]_rqmean numeric
@attribute audSpec_Rfilt_sma[15]_meanPeakDist numeric
@attribute audSpec_Rfilt_sma[15]_peakDistStddev numeric
@attribute audSpec_Rfilt_sma[15]_peakRangeAbs numeric
@attribute audSpec_Rfilt_sma[15]_peakRangeRel numeric
@attribute audSpec_Rfilt_sma[15]_peakMeanAbs numeric
@attribute audSpec_Rfilt_sma[15]_peakMeanMeanDist numeric
@attribute audSpec_Rfilt_sma[15]_peakMeanRel numeric
@attribute audSpec_Rfilt_sma[15]_minRangeRel numeric
@attribute audSpec_Rfilt_sma[15]_meanRisingSlope numeric
@attribute audSpec_Rfilt_sma[15]_stddevRisingSlope numeric
@attribute audSpec_Rfilt_sma[15]_meanFallingSlope numeric
@attribute audSpec_Rfilt_sma[15]_stddevFallingSlope numeric
@attribute audSpec_Rfilt_sma[15]_linregc1 numeric
@attribute audSpec_Rfilt_sma[15]_linregc2 numeric
@attribute audSpec_Rfilt_sma[15]_linregerrQ numeric
@attribute audSpec_Rfilt_sma[15]_qregc1 numeric
@attribute audSpec_Rfilt_sma[15]_qregc2 numeric
@attribute audSpec_Rfilt_sma[15]_qregc3 numeric
@attribute audSpec_Rfilt_sma[15]_qregerrQ numeric
@attribute audSpec_Rfilt_sma[15]_centroid numeric
@attribute audSpec_Rfilt_sma[16]_amean numeric
@attribute audSpec_Rfilt_sma[16]_flatness numeric
@attribute audSpec_Rfilt_sma[16]_rqmean numeric
@attribute audSpec_Rfilt_sma[16]_meanPeakDist numeric
@attribute audSpec_Rfilt_sma[16]_peakDistStddev numeric
@attribute audSpec_Rfilt_sma[16]_peakRangeAbs numeric
@attribute audSpec_Rfilt_sma[16]_peakRangeRel numeric
@attribute audSpec_Rfilt_sma[16]_peakMeanAbs numeric
@attribute audSpec_Rfilt_sma[16]_peakMeanMeanDist numeric
@attribute audSpec_Rfilt_sma[16]_peakMeanRel numeric
@attribute audSpec_Rfilt_sma[16]_minRangeRel numeric
@attribute audSpec_Rfilt_sma[16]_meanRisingSlope numeric
@attribute audSpec_Rfilt_sma[16]_stddevRisingSlope numeric
@attribute audSpec_Rfilt_sma[16]_meanFallingSlope numeric
@attribute audSpec_Rfilt_sma[16]_stddevFallingSlope numeric
@attribute audSpec_Rfilt_sma[16]_linregc1 numeric
@attribute audSpec_Rfilt_sma[16]_linregc2 numeric
@attribute audSpec_Rfilt_sma[16]_linregerrQ numeric
@attribute audSpec_Rfilt_sma[16]_qregc1 numeric
@attribute audSpec_Rfilt_sma[16]_qregc2 numeric
@attribute audSpec_Rfilt_sma[16]_qregc3 numeric
@attribute audSpec_Rfilt_sma[16]_qregerrQ numeric
@attribute audSpec_Rfilt_sma[16]_centroid numeric
@attribute audSpec_Rfilt_sma[17]_amean numeric
@attribute audSpec_Rfilt_sma[17]_flatness numeric
@attribute audSpec_Rfilt_sma[17]_rqmean numeric
@attribute audSpec_Rfilt_sma[17]_meanPeakDist numeric
@attribute audSpec_Rfilt_sma[17]_peakDistStddev numeric
@attribute audSpec_Rfilt_sma[17]_peakRangeAbs numeric
@attribute audSpec_Rfilt_sma[17]_peakRangeRel numeric
@attribute audSpec_Rfilt_sma[17]_peakMeanAbs numeric
@attribute audSpec_Rfilt_sma[17]_peakMeanMeanDist numeric
@attribute audSpec_Rfilt_sma[17]_peakMeanRel numeric
@attribute audSpec_Rfilt_sma[17]_minRangeRel numeric
@attribute audSpec_Rfilt_sma[17]_meanRisingSlope numeric
@attribute audSpec_Rfilt_sma[17]_stddevRisingSlope numeric
@attribute audSpec_Rfilt_sma[17]_meanFallingSlope numeric
@attribute audSpec_Rfilt_sma[17]_stddevFallingSlope numeric
@attribute audSpec_Rfilt_sma[17]_linregc1 numeric
@attribute audSpec_Rfilt_sma[17]_linregc2 numeric
@attribute audSpec_Rfilt_sma[17]_linregerrQ numeric
@attribute audSpec_Rfilt_sma[17]_qregc1 numeric
@attribute audSpec_Rfilt_sma[17]_qregc2 numeric
@attribute audSpec_Rfilt_sma[17]_qregc3 numeric
@attribute audSpec_Rfilt_sma[17]_qregerrQ numeric
@attribute audSpec_Rfilt_sma[17]_centroid numeric
@attribute audSpec_Rfilt_sma[18]_amean numeric
@attribute audSpec_Rfilt_sma[18]_flatness numeric
@attribute audSpec_Rfilt_sma[18]_rqmean numeric
@attribute audSpec_Rfilt_sma[18]_meanPeakDist numeric
@attribute audSpec_Rfilt_sma[18]_peakDistStddev numeric
@attribute audSpec_Rfilt_sma[18]_peakRangeAbs numeric
@attribute audSpec_Rfilt_sma[18]_peakRangeRel numeric
@attribute audSpec_Rfilt_sma[18]_peakMeanAbs numeric
@attribute audSpec_Rfilt_sma[18]_peakMeanMeanDist numeric
@attribute audSpec_Rfilt_sma[18]_peakMeanRel numeric
@attribute audSpec_Rfilt_sma[18]_minRangeRel numeric
@attribute audSpec_Rfilt_sma[18]_meanRisingSlope numeric
@attribute audSpec_Rfilt_sma[18]_stddevRisingSlope numeric
@attribute audSpec_Rfilt_sma[18]_meanFallingSlope numeric
@attribute audSpec_Rfilt_sma[18]_stddevFallingSlope numeric
@attribute audSpec_Rfilt_sma[18]_linregc1 numeric
@attribute audSpec_Rfilt_sma[18]_linregc2 numeric
@attribute audSpec_Rfilt_sma[18]_linregerrQ numeric
@attribute audSpec_Rfilt_sma[18]_qregc1 numeric
@attribute audSpec_Rfilt_sma[18]_qregc2 numeric
@attribute audSpec_Rfilt_sma[18]_qregc3 numeric
@attribute audSpec_Rfilt_sma[18]_qregerrQ numeric
@attribute audSpec_Rfilt_sma[18]_centroid numeric
@attribute audSpec_Rfilt_sma[19]_amean numeric
@attribute audSpec_Rfilt_sma[19]_flatness numeric
@attribute audSpec_Rfilt_sma[19]_rqmean numeric
@attribute audSpec_Rfilt_sma[19]_meanPeakDist numeric
@attribute audSpec_Rfilt_sma[19]_peakDistStddev numeric
@attribute audSpec_Rfilt_sma[19]_peakRangeAbs numeric
@attribute audSpec_Rfilt_sma[19]_peakRangeRel numeric
@attribute audSpec_Rfilt_sma[19]_peakMeanAbs numeric
@attribute audSpec_Rfilt_sma[19]_peakMeanMeanDist numeric
@attribute audSpec_Rfilt_sma[19]_peakMeanRel numeric
@attribute audSpec_Rfilt_sma[19]_minRangeRel numeric
@attribute audSpec_Rfilt_sma[19]_meanRisingSlope numeric
@attribute audSpec_Rfilt_sma[19]_stddevRisingSlope numeric
@attribute audSpec_Rfilt_sma[19]_meanFallingSlope numeric
@attribute audSpec_Rfilt_sma[19]_stddevFallingSlope numeric
@attribute audSpec_Rfilt_sma[19]_linregc1 numeric
@attribute audSpec_Rfilt_sma[19]_linregc2 numeric
@attribute audSpec_Rfilt_sma[19]_linregerrQ numeric
@attribute audSpec_Rfilt_sma[19]_qregc1 numeric
@attribute audSpec_Rfilt_sma[19]_qregc2 numeric
@attribute audSpec_Rfilt_sma[19]_qregc3 numeric
@attribute audSpec_Rfilt_sma[19]_qregerrQ numeric
@attribute audSpec_Rfilt_sma[19]_centroid numeric
@attribute audSpec_Rfilt_sma[20]_amean numeric
@attribute audSpec_Rfilt_sma[20]_flatness numeric
@attribute audSpec_Rfilt_sma[20]_rqmean numeric
@attribute audSpec_Rfilt_sma[20]_meanPeakDist numeric
@attribute audSpec_Rfilt_sma[20]_peakDistStddev numeric
@attribute audSpec_Rfilt_sma[20]_peakRangeAbs numeric
@attribute audSpec_Rfilt_sma[20]_peakRangeRel numeric
@attribute audSpec_Rfilt_sma[20]_peakMeanAbs numeric
@attribute audSpec_Rfilt_sma[20]_peakMeanMeanDist numeric
@attribute audSpec_Rfilt_sma[20]_peakMeanRel numeric
@attribute audSpec_Rfilt_sma[20]_minRangeRel numeric
@attribute audSpec_Rfilt_sma[20]_meanRisingSlope numeric
@attribute audSpec_Rfilt_sma[20]_stddevRisingSlope numeric
@attribute audSpec_Rfilt_sma[20]_meanFallingSlope numeric
@attribute audSpec_Rfilt_sma[20]_stddevFallingSlope numeric
@attribute audSpec_Rfilt_sma[20]_linregc1 numeric
@attribute audSpec_Rfilt_sma[20]_linregc2 numeric
@attribute audSpec_Rfilt_sma[20]_linregerrQ numeric
@attribute audSpec_Rfilt_sma[20]_qregc1 numeric
@attribute audSpec_Rfilt_sma[20]_qregc2 numeric
@attribute audSpec_Rfilt_sma[20]_qregc3 numeric
@attribute audSpec_Rfilt_sma[20]_qregerrQ numeric
@attribute audSpec_Rfilt_sma[20]_centroid numeric
@attribute audSpec_Rfilt_sma[21]_amean numeric
@attribute audSpec_Rfilt_sma[21]_flatness numeric
@attribute audSpec_Rfilt_sma[21]_rqmean numeric
@attribute audSpec_Rfilt_sma[21]_meanPeakDist numeric
@attribute audSpec_Rfilt_sma[21]_peakDistStddev numeric
@attribute audSpec_Rfilt_sma[21]_peakRangeAbs numeric
@attribute audSpec_Rfilt_sma[21]_peakRangeRel numeric
@attribute audSpec_Rfilt_sma[21]_peakMeanAbs numeric
@attribute audSpec_Rfilt_sma[21]_peakMeanMeanDist numeric
@attribute audSpec_Rfilt_sma[21]_peakMeanRel numeric
@attribute audSpec_Rfilt_sma[21]_minRangeRel numeric
@attribute audSpec_Rfilt_sma[21]_meanRisingSlope numeric
@attribute audSpec_Rfilt_sma[21]_stddevRisingSlope numeric
@attribute audSpec_Rfilt_sma[21]_meanFallingSlope numeric
@attribute audSpec_Rfilt_sma[21]_stddevFallingSlope numeric
@attribute audSpec_Rfilt_sma[21]_linregc1 numeric
@attribute audSpec_Rfilt_sma[21]_linregc2 numeric
@attribute audSpec_Rfilt_sma[21]_linregerrQ numeric
@attribute audSpec_Rfilt_sma[21]_qregc1 numeric
@attribute audSpec_Rfilt_sma[21]_qregc2 numeric
@attribute audSpec_Rfilt_sma[21]_qregc3 numeric
@attribute audSpec_Rfilt_sma[21]_qregerrQ numeric
@attribute audSpec_Rfilt_sma[21]_centroid numeric
@attribute audSpec_Rfilt_sma[22]_amean numeric
@attribute audSpec_Rfilt_sma[22]_flatness numeric
@attribute audSpec_Rfilt_sma[22]_rqmean numeric
@attribute audSpec_Rfilt_sma[22]_meanPeakDist numeric
@attribute audSpec_Rfilt_sma[22]_peakDistStddev numeric
@attribute audSpec_Rfilt_sma[22]_peakRangeAbs numeric
@attribute audSpec_Rfilt_sma[22]_peakRangeRel numeric
@attribute audSpec_Rfilt_sma[22]_peakMeanAbs numeric
@attribute audSpec_Rfilt_sma[22]_peakMeanMeanDist numeric
@attribute audSpec_Rfilt_sma[22]_peakMeanRel numeric
@attribute audSpec_Rfilt_sma[22]_minRangeRel numeric
@attribute audSpec_Rfilt_sma[22]_meanRisingSlope numeric
@attribute audSpec_Rfilt_sma[22]_stddevRisingSlope numeric
@attribute audSpec_Rfilt_sma[22]_meanFallingSlope numeric
@attribute audSpec_Rfilt_sma[22]_stddevFallingSlope numeric
@attribute audSpec_Rfilt_sma[22]_linregc1 numeric
@attribute audSpec_Rfilt_sma[22]_linregc2 numeric
@attribute audSpec_Rfilt_sma[22]_linregerrQ numeric
@attribute audSpec_Rfilt_sma[22]_qregc1 numeric
@attribute audSpec_Rfilt_sma[22]_qregc2 numeric
@attribute audSpec_Rfilt_sma[22]_qregc3 numeric
@attribute audSpec_Rfilt_sma[22]_qregerrQ numeric
@attribute audSpec_Rfilt_sma[22]_centroid numeric
@attribute audSpec_Rfilt_sma[23]_amean numeric
@attribute audSpec_Rfilt_sma[23]_flatness numeric
@attribute audSpec_Rfilt_sma[23]_rqmean numeric
@attribute audSpec_Rfilt_sma[23]_meanPeakDist numeric
@attribute audSpec_Rfilt_sma[23]_peakDistStddev numeric
@attribute audSpec_Rfilt_sma[23]_peakRangeAbs numeric
@attribute audSpec_Rfilt_sma[23]_peakRangeRel numeric
@attribute audSpec_Rfilt_sma[23]_peakMeanAbs numeric
@attribute audSpec_Rfilt_sma[23]_peakMeanMeanDist numeric
@attribute audSpec_Rfilt_sma[23]_peakMeanRel numeric
@attribute audSpec_Rfilt_sma[23]_minRangeRel numeric
@attribute audSpec_Rfilt_sma[23]_meanRisingSlope numeric
@attribute audSpec_Rfilt_sma[23]_stddevRisingSlope numeric
@attribute audSpec_Rfilt_sma[23]_meanFallingSlope numeric
@attribute audSpec_Rfilt_sma[23]_stddevFallingSlope numeric
@attribute audSpec_Rfilt_sma[23]_linregc1 numeric
@attribute audSpec_Rfilt_sma[23]_linregc2 numeric
@attribute audSpec_Rfilt_sma[23]_linregerrQ numeric
@attribute audSpec_Rfilt_sma[23]_qregc1 numeric
@attribute audSpec_Rfilt_sma[23]_qregc2 numeric
@attribute audSpec_Rfilt_sma[23]_qregc3 numeric
@attribute audSpec_Rfilt_sma[23]_qregerrQ numeric
@attribute audSpec_Rfilt_sma[23]_centroid numeric
@attribute audSpec_Rfilt_sma[24]_amean numeric
@attribute audSpec_Rfilt_sma[24]_flatness numeric
@attribute audSpec_Rfilt_sma[24]_rqmean numeric
@attribute audSpec_Rfilt_sma[24]_meanPeakDist numeric
@attribute audSpec_Rfilt_sma[24]_peakDistStddev numeric
@attribute audSpec_Rfilt_sma[24]_peakRangeAbs numeric
@attribute audSpec_Rfilt_sma[24]_peakRangeRel numeric
@attribute audSpec_Rfilt_sma[24]_peakMeanAbs numeric
@attribute audSpec_Rfilt_sma[24]_peakMeanMeanDist numeric
@attribute audSpec_Rfilt_sma[24]_peakMeanRel numeric
@attribute audSpec_Rfilt_sma[24]_minRangeRel numeric
@attribute audSpec_Rfilt_sma[24]_meanRisingSlope numeric
@attribute audSpec_Rfilt_sma[24]_stddevRisingSlope numeric
@attribute audSpec_Rfilt_sma[24]_meanFallingSlope numeric
@attribute audSpec_Rfilt_sma[24]_stddevFallingSlope numeric
@attribute audSpec_Rfilt_sma[24]_linregc1 numeric
@attribute audSpec_Rfilt_sma[24]_linregc2 numeric
@attribute audSpec_Rfilt_sma[24]_linregerrQ numeric
@attribute audSpec_Rfilt_sma[24]_qregc1 numeric
@attribute audSpec_Rfilt_sma[24]_qregc2 numeric
@attribute audSpec_Rfilt_sma[24]_qregc3 numeric
@attribute audSpec_Rfilt_sma[24]_qregerrQ numeric
@attribute audSpec_Rfilt_sma[24]_centroid numeric
@attribute audSpec_Rfilt_sma[25]_amean numeric
@attribute audSpec_Rfilt_sma[25]_flatness numeric
@attribute audSpec_Rfilt_sma[25]_rqmean numeric
@attribute audSpec_Rfilt_sma[25]_meanPeakDist numeric
@attribute audSpec_Rfilt_sma[25]_peakDistStddev numeric
@attribute audSpec_Rfilt_sma[25]_peakRangeAbs numeric
@attribute audSpec_Rfilt_sma[25]_peakRangeRel numeric
@attribute audSpec_Rfilt_sma[25]_peakMeanAbs numeric
@attribute audSpec_Rfilt_sma[25]_peakMeanMeanDist numeric
@attribute audSpec_Rfilt_sma[25]_peakMeanRel numeric
@attribute audSpec_Rfilt_sma[25]_minRangeRel numeric
@attribute audSpec_Rfilt_sma[25]_meanRisingSlope numeric
@attribute audSpec_Rfilt_sma[25]_stddevRisingSlope numeric
@attribute audSpec_Rfilt_sma[25]_meanFallingSlope numeric
@attribute audSpec_Rfilt_sma[25]_stddevFallingSlope numeric
@attribute audSpec_Rfilt_sma[25]_linregc1 numeric
@attribute audSpec_Rfilt_sma[25]_linregc2 numeric
@attribute audSpec_Rfilt_sma[25]_linregerrQ numeric
@attribute audSpec_Rfilt_sma[25]_qregc1 numeric
@attribute audSpec_Rfilt_sma[25]_qregc2 numeric
@attribute audSpec_Rfilt_sma[25]_qregc3 numeric
@attribute audSpec_Rfilt_sma[25]_qregerrQ numeric
@attribute audSpec_Rfilt_sma[25]_centroid numeric
@attribute pcm_fftMag_fband250-650_sma_amean numeric
@attribute pcm_fftMag_fband250-650_sma_flatness numeric
@attribute pcm_fftMag_fband250-650_sma_rqmean numeric
@attribute pcm_fftMag_fband250-650_sma_meanPeakDist numeric
@attribute pcm_fftMag_fband250-650_sma_peakDistStddev numeric
@attribute pcm_fftMag_fband250-650_sma_peakRangeAbs numeric
@attribute pcm_fftMag_fband250-650_sma_peakRangeRel numeric
@attribute pcm_fftMag_fband250-650_sma_peakMeanAbs numeric
@attribute pcm_fftMag_fband250-650_sma_peakMeanMeanDist numeric
@attribute pcm_fftMag_fband250-650_sma_peakMeanRel numeric
@attribute pcm_fftMag_fband250-650_sma_minRangeRel numeric
@attribute pcm_fftMag_fband250-650_sma_meanRisingSlope numeric
@attribute pcm_fftMag_fband250-650_sma_stddevRisingSlope numeric
@attribute pcm_fftMag_fband250-650_sma_meanFallingSlope numeric
@attribute pcm_fftMag_fband250-650_sma_stddevFallingSlope numeric
@attribute pcm_fftMag_fband250-650_sma_linregc1 numeric
@attribute pcm_fftMag_fband250-650_sma_linregc2 numeric
@attribute pcm_fftMag_fband250-650_sma_linregerrQ numeric
@attribute pcm_fftMag_fband250-650_sma_qregc1 numeric
@attribute pcm_fftMag_fband250-650_sma_qregc2 numeric
@attribute pcm_fftMag_fband250-650_sma_qregc3 numeric
@attribute pcm_fftMag_fband250-650_sma_qregerrQ numeric
@attribute pcm_fftMag_fband250-650_sma_centroid numeric
@attribute pcm_fftMag_fband1000-4000_sma_amean numeric
@attribute pcm_fftMag_fband1000-4000_sma_flatness numeric
@attribute pcm_fftMag_fband1000-4000_sma_rqmean numeric
@attribute pcm_fftMag_fband1000-4000_sma_meanPeakDist numeric
@attribute pcm_fftMag_fband1000-4000_sma_peakDistStddev numeric
@attribute pcm_fftMag_fband1000-4000_sma_peakRangeAbs numeric
@attribute pcm_fftMag_fband1000-4000_sma_peakRangeRel numeric
@attribute pcm_fftMag_fband1000-4000_sma_peakMeanAbs numeric
@attribute pcm_fftMag_fband1000-4000_sma_peakMeanMeanDist numeric
@attribute pcm_fftMag_fband1000-4000_sma_peakMeanRel numeric
@attribute pcm_fftMag_fband1000-4000_sma_minRangeRel numeric
@attribute pcm_fftMag_fband1000-4000_sma_meanRisingSlope numeric
@attribute pcm_fftMag_fband1000-4000_sma_stddevRisingSlope numeric
@attribute pcm_fftMag_fband1000-4000_sma_meanFallingSlope numeric
@attribute pcm_fftMag_fband1000-4000_sma_stddevFallingSlope numeric
@attribute pcm_fftMag_fband1000-4000_sma_linregc1 numeric
@attribute pcm_fftMag_fband1000-4000_sma_linregc2 numeric
@attribute pcm_fftMag_fband1000-4000_sma_linregerrQ numeric
@attribute pcm_fftMag_fband1000-4000_sma_qregc1 numeric
@attribute pcm_fftMag_fband1000-4000_sma_qregc2 numeric
@attribute pcm_fftMag_fband1000-4000_sma_qregc3 numeric
@attribute pcm_fftMag_fband1000-4000_sma_qregerrQ numeric
@attribute pcm_fftMag_fband1000-4000_sma_centroid numeric
@attribute pcm_fftMag_spectralRollOff25.0_sma_amean numeric
@attribute pcm_fftMag_spectralRollOff25.0_sma_flatness numeric
@attribute pcm_fftMag_spectralRollOff25.0_sma_rqmean numeric
@attribute pcm_fftMag_spectralRollOff25.0_sma_meanPeakDist numeric
@attribute pcm_fftMag_spectralRollOff25.0_sma_peakDistStddev numeric
@attribute pcm_fftMag_spectralRollOff25.0_sma_peakRangeAbs numeric
@attribute pcm_fftMag_spectralRollOff25.0_sma_peakRangeRel numeric
@attribute pcm_fftMag_spectralRollOff25.0_sma_peakMeanAbs numeric
@attribute pcm_fftMag_spectralRollOff25.0_sma_peakMeanMeanDist numeric
@attribute pcm_fftMag_spectralRollOff25.0_sma_peakMeanRel numeric
@attribute pcm_fftMag_spectralRollOff25.0_sma_minRangeRel numeric
@attribute pcm_fftMag_spectralRollOff25.0_sma_meanRisingSlope numeric
@attribute pcm_fftMag_spectralRollOff25.0_sma_stddevRisingSlope numeric
@attribute pcm_fftMag_spectralRollOff25.0_sma_meanFallingSlope numeric
@attribute pcm_fftMag_spectralRollOff25.0_sma_stddevFallingSlope numeric
@attribute pcm_fftMag_spectralRollOff25.0_sma_linregc1 numeric
@attribute pcm_fftMag_spectralRollOff25.0_sma_linregc2 numeric
@attribute pcm_fftMag_spectralRollOff25.0_sma_linregerrQ numeric
@attribute pcm_fftMag_spectralRollOff25.0_sma_qregc1 numeric
@attribute pcm_fftMag_spectralRollOff25.0_sma_qregc2 numeric
@attribute pcm_fftMag_spectralRollOff25.0_sma_qregc3 numeric
@attribute pcm_fftMag_spectralRollOff25.0_sma_qregerrQ numeric
@attribute pcm_fftMag_spectralRollOff25.0_sma_centroid numeric
@attribute pcm_fftMag_spectralRollOff50.0_sma_amean numeric
@attribute pcm_fftMag_spectralRollOff50.0_sma_flatness numeric
@attribute pcm_fftMag_spectralRollOff50.0_sma_rqmean numeric
@attribute pcm_fftMag_spectralRollOff50.0_sma_meanPeakDist numeric
@attribute pcm_fftMag_spectralRollOff50.0_sma_peakDistStddev numeric
@attribute pcm_fftMag_spectralRollOff50.0_sma_peakRangeAbs numeric
@attribute pcm_fftMag_spectralRollOff50.0_sma_peakRangeRel numeric
@attribute pcm_fftMag_spectralRollOff50.0_sma_peakMeanAbs numeric
@attribute pcm_fftMag_spectralRollOff50.0_sma_peakMeanMeanDist numeric
@attribute pcm_fftMag_spectralRollOff50.0_sma_peakMeanRel numeric
@attribute pcm_fftMag_spectralRollOff50.0_sma_minRangeRel numeric
@attribute pcm_fftMag_spectralRollOff50.0_sma_meanRisingSlope numeric
@attribute pcm_fftMag_spectralRollOff50.0_sma_stddevRisingSlope numeric
@attribute pcm_fftMag_spectralRollOff50.0_sma_meanFallingSlope numeric
@attribute pcm_fftMag_spectralRollOff50.0_sma_stddevFallingSlope numeric
@attribute pcm_fftMag_spectralRollOff50.0_sma_linregc1 numeric
@attribute pcm_fftMag_spectralRollOff50.0_sma_linregc2 numeric
@attribute pcm_fftMag_spectralRollOff50.0_sma_linregerrQ numeric
@attribute pcm_fftMag_spectralRollOff50.0_sma_qregc1 numeric
@attribute pcm_fftMag_spectralRollOff50.0_sma_qregc2 numeric
@attribute pcm_fftMag_spectralRollOff50.0_sma_qregc3 numeric
@attribute pcm_fftMag_spectralRollOff50.0_sma_qregerrQ numeric
@attribute pcm_fftMag_spectralRollOff50.0_sma_centroid numeric
@attribute pcm_fftMag_spectralRollOff75.0_sma_amean numeric
@attribute pcm_fftMag_spectralRollOff75.0_sma_flatness numeric
@attribute pcm_fftMag_spectralRollOff75.0_sma_rqmean numeric
@attribute pcm_fftMag_spectralRollOff75.0_sma_meanPeakDist numeric
@attribute pcm_fftMag_spectralRollOff75.0_sma_peakDistStddev numeric
@attribute pcm_fftMag_spectralRollOff75.0_sma_peakRangeAbs numeric
@attribute pcm_fftMag_spectralRollOff75.0_sma_peakRangeRel numeric
@attribute pcm_fftMag_spectralRollOff75.0_sma_peakMeanAbs numeric
@attribute pcm_fftMag_spectralRollOff75.0_sma_peakMeanMeanDist numeric
@attribute pcm_fftMag_spectralRollOff75.0_sma_peakMeanRel numeric
@attribute pcm_fftMag_spectralRollOff75.0_sma_minRangeRel numeric
@attribute pcm_fftMag_spectralRollOff75.0_sma_meanRisingSlope numeric
@attribute pcm_fftMag_spectralRollOff75.0_sma_stddevRisingSlope numeric
@attribute pcm_fftMag_spectralRollOff75.0_sma_meanFallingSlope numeric
@attribute pcm_fftMag_spectralRollOff75.0_sma_stddevFallingSlope numeric
@attribute pcm_fftMag_spectralRollOff75.0_sma_linregc1 numeric
@attribute pcm_fftMag_spectralRollOff75.0_sma_linregc2 numeric
@attribute pcm_fftMag_spectralRollOff75.0_sma_linregerrQ numeric
@attribute pcm_fftMag_spectralRollOff75.0_sma_qregc1 numeric
@attribute pcm_fftMag_spectralRollOff75.0_sma_qregc2 numeric
@attribute pcm_fftMag_spectralRollOff75.0_sma_qregc3 numeric
@attribute pcm_fftMag_spectralRollOff75.0_sma_qregerrQ numeric
@attribute pcm_fftMag_spectralRollOff75.0_sma_centroid numeric
@attribute pcm_fftMag_spectralRollOff90.0_sma_amean numeric
@attribute pcm_fftMag_spectralRollOff90.0_sma_flatness numeric
@attribute pcm_fftMag_spectralRollOff90.0_sma_rqmean numeric
@attribute pcm_fftMag_spectralRollOff90.0_sma_meanPeakDist numeric
@attribute pcm_fftMag_spectralRollOff90.0_sma_peakDistStddev numeric
@attribute pcm_fftMag_spectralRollOff90.0_sma_peakRangeAbs numeric
@attribute pcm_fftMag_spectralRollOff90.0_sma_peakRangeRel numeric
@attribute pcm_fftMag_spectralRollOff90.0_sma_peakMeanAbs numeric
@attribute pcm_fftMag_spectralRollOff90.0_sma_peakMeanMeanDist numeric
@attribute pcm_fftMag_spectralRollOff90.0_sma_peakMeanRel numeric
@attribute pcm_fftMag_spectralRollOff90.0_sma_minRangeRel numeric
@attribute pcm_fftMag_spectralRollOff90.0_sma_meanRisingSlope numeric
@attribute pcm_fftMag_spectralRollOff90.0_sma_stddevRisingSlope numeric
@attribute pcm_fftMag_spectralRollOff90.0_sma_meanFallingSlope numeric
@attribute pcm_fftMag_spectralRollOff90.0_sma_stddevFallingSlope numeric
@attribute pcm_fftMag_spectralRollOff90.0_sma_linregc1 numeric
@attribute pcm_fftMag_spectralRollOff90.0_sma_linregc2 numeric
@attribute pcm_fftMag_spectralRollOff90.0_sma_linregerrQ numeric
@attribute pcm_fftMag_spectralRollOff90.0_sma_qregc1 numeric
@attribute pcm_fftMag_spectralRollOff90.0_sma_qregc2 numeric
@attribute pcm_fftMag_spectralRollOff90.0_sma_qregc3 numeric
@attribute pcm_fftMag_spectralRollOff90.0_sma_qregerrQ numeric
@attribute pcm_fftMag_spectralRollOff90.0_sma_centroid numeric
@attribute pcm_fftMag_spectralFlux_sma_amean numeric
@attribute pcm_fftMag_spectralFlux_sma_flatness numeric
@attribute pcm_fftMag_spectralFlux_sma_rqmean numeric
@attribute pcm_fftMag_spectralFlux_sma_meanPeakDist numeric
@attribute pcm_fftMag_spectralFlux_sma_peakDistStddev numeric
@attribute pcm_fftMag_spectralFlux_sma_peakRangeAbs numeric
@attribute pcm_fftMag_spectralFlux_sma_peakRangeRel numeric
@attribute pcm_fftMag_spectralFlux_sma_peakMeanAbs numeric
@attribute pcm_fftMag_spectralFlux_sma_peakMeanMeanDist numeric
@attribute pcm_fftMag_spectralFlux_sma_peakMeanRel numeric
@attribute pcm_fftMag_spectralFlux_sma_minRangeRel numeric
@attribute pcm_fftMag_spectralFlux_sma_meanRisingSlope numeric
@attribute pcm_fftMag_spectralFlux_sma_stddevRisingSlope numeric
@attribute pcm_fftMag_spectralFlux_sma_meanFallingSlope numeric
@attribute pcm_fftMag_spectralFlux_sma_stddevFallingSlope numeric
@attribute pcm_fftMag_spectralFlux_sma_linregc1 numeric
@attribute pcm_fftMag_spectralFlux_sma_linregc2 numeric
@attribute pcm_fftMag_spectralFlux_sma_linregerrQ numeric
@attribute pcm_fftMag_spectralFlux_sma_qregc1 numeric
@attribute pcm_fftMag_spectralFlux_sma_qregc2 numeric
@attribute pcm_fftMag_spectralFlux_sma_qregc3 numeric
@attribute pcm_fftMag_spectralFlux_sma_qregerrQ numeric
@attribute pcm_fftMag_spectralFlux_sma_centroid numeric
@attribute pcm_fftMag_spectralCentroid_sma_amean numeric
@attribute pcm_fftMag_spectralCentroid_sma_flatness numeric
@attribute pcm_fftMag_spectralCentroid_sma_rqmean numeric
@attribute pcm_fftMag_spectralCentroid_sma_meanPeakDist numeric
@attribute pcm_fftMag_spectralCentroid_sma_peakDistStddev numeric
@attribute pcm_fftMag_spectralCentroid_sma_peakRangeAbs numeric
@attribute pcm_fftMag_spectralCentroid_sma_peakRangeRel numeric
@attribute pcm_fftMag_spectralCentroid_sma_peakMeanAbs numeric
@attribute pcm_fftMag_spectralCentroid_sma_peakMeanMeanDist numeric
@attribute pcm_fftMag_spectralCentroid_sma_peakMeanRel numeric
@attribute pcm_fftMag_spectralCentroid_sma_minRangeRel numeric
@attribute pcm_fftMag_spectralCentroid_sma_meanRisingSlope numeric
@attribute pcm_fftMag_spectralCentroid_sma_stddevRisingSlope numeric
@attribute pcm_fftMag_spectralCentroid_sma_meanFallingSlope numeric
@attribute pcm_fftMag_spectralCentroid_sma_stddevFallingSlope numeric
@attribute pcm_fftMag_spectralCentroid_sma_linregc1 numeric
@attribute pcm_fftMag_spectralCentroid_sma_linregc2 numeric
@attribute pcm_fftMag_spectralCentroid_sma_linregerrQ numeric
@attribute pcm_fftMag_spectralCentroid_sma_qregc1 numeric
@attribute pcm_fftMag_spectralCentroid_sma_qregc2 numeric
@attribute pcm_fftMag_spectralCentroid_sma_qregc3 numeric
@attribute pcm_fftMag_spectralCentroid_sma_qregerrQ numeric
@attribute pcm_fftMag_spectralCentroid_sma_centroid numeric
@attribute pcm_fftMag_spectralEntropy_sma_amean numeric
@attribute pcm_fftMag_spectralEntropy_sma_flatness numeric
@attribute pcm_fftMag_spectralEntropy_sma_rqmean numeric
@attribute pcm_fftMag_spectralEntropy_sma_meanPeakDist numeric
@attribute pcm_fftMag_spectralEntropy_sma_peakDistStddev numeric
@attribute pcm_fftMag_spectralEntropy_sma_peakRangeAbs numeric
@attribute pcm_fftMag_spectralEntropy_sma_peakRangeRel numeric
@attribute pcm_fftMag_spectralEntropy_sma_peakMeanAbs numeric
@attribute pcm_fftMag_spectralEntropy_sma_peakMeanMeanDist numeric
@attribute pcm_fftMag_spectralEntropy_sma_peakMeanRel numeric
@attribute pcm_fftMag_spectralEntropy_sma_minRangeRel numeric
@attribute pcm_fftMag_spectralEntropy_sma_meanRisingSlope numeric
@attribute pcm_fftMag_spectralEntropy_sma_stddevRisingSlope numeric
@attribute pcm_fftMag_spectralEntropy_sma_meanFallingSlope numeric
@attribute pcm_fftMag_spectralEntropy_sma_stddevFallingSlope numeric
@attribute pcm_fftMag_spectralEntropy_sma_linregc1 numeric
@attribute pcm_fftMag_spectralEntropy_sma_linregc2 numeric
@attribute pcm_fftMag_spectralEntropy_sma_linregerrQ numeric
@attribute pcm_fftMag_spectralEntropy_sma_qregc1 numeric
@attribute pcm_fftMag_spectralEntropy_sma_qregc2 numeric
@attribute pcm_fftMag_spectralEntropy_sma_qregc3 numeric
@attribute pcm_fftMag_spectralEntropy_sma_qregerrQ numeric
@attribute pcm_fftMag_spectralEntropy_sma_centroid numeric
@attribute pcm_fftMag_spectralVariance_sma_amean numeric
@attribute pcm_fftMag_spectralVariance_sma_flatness numeric
@attribute pcm_fftMag_spectralVariance_sma_rqmean numeric
@attribute pcm_fftMag_spectralVariance_sma_meanPeakDist numeric
@attribute pcm_fftMag_spectralVariance_sma_peakDistStddev numeric
@attribute pcm_fftMag_spectralVariance_sma_peakRangeAbs numeric
@attribute pcm_fftMag_spectralVariance_sma_peakRangeRel numeric
@attribute pcm_fftMag_spectralVariance_sma_peakMeanAbs numeric
@attribute pcm_fftMag_spectralVariance_sma_peakMeanMeanDist numeric
@attribute pcm_fftMag_spectralVariance_sma_peakMeanRel numeric
@attribute pcm_fftMag_spectralVariance_sma_minRangeRel numeric
@attribute pcm_fftMag_spectralVariance_sma_meanRisingSlope numeric
@attribute pcm_fftMag_spectralVariance_sma_stddevRisingSlope numeric
@attribute pcm_fftMag_spectralVariance_sma_meanFallingSlope numeric
@attribute pcm_fftMag_spectralVariance_sma_stddevFallingSlope numeric
@attribute pcm_fftMag_spectralVariance_sma_linregc1 numeric
@attribute pcm_fftMag_spectralVariance_sma_linregc2 numeric
@attribute pcm_fftMag_spectralVariance_sma_linregerrQ numeric
@attribute pcm_fftMag_spectralVariance_sma_qregc1 numeric
@attribute pcm_fftMag_spectralVariance_sma_qregc2 numeric
@attribute pcm_fftMag_spectralVariance_sma_qregc3 numeric
@attribute pcm_fftMag_spectralVariance_sma_qregerrQ numeric
@attribute pcm_fftMag_spectralVariance_sma_centroid numeric
@attribute pcm_fftMag_spectralSkewness_sma_amean numeric
@attribute pcm_fftMag_spectralSkewness_sma_flatness numeric
@attribute pcm_fftMag_spectralSkewness_sma_rqmean numeric
@attribute pcm_fftMag_spectralSkewness_sma_meanPeakDist numeric
@attribute pcm_fftMag_spectralSkewness_sma_peakDistStddev numeric
@attribute pcm_fftMag_spectralSkewness_sma_peakRangeAbs numeric
@attribute pcm_fftMag_spectralSkewness_sma_peakRangeRel numeric
@attribute pcm_fftMag_spectralSkewness_sma_peakMeanAbs numeric
@attribute pcm_fftMag_spectralSkewness_sma_peakMeanMeanDist numeric
@attribute pcm_fftMag_spectralSkewness_sma_peakMeanRel numeric
@attribute pcm_fftMag_spectralSkewness_sma_minRangeRel numeric
@attribute pcm_fftMag_spectralSkewness_sma_meanRisingSlope numeric
@attribute pcm_fftMag_spectralSkewness_sma_stddevRisingSlope numeric
@attribute pcm_fftMag_spectralSkewness_sma_meanFallingSlope numeric
@attribute pcm_fftMag_spectralSkewness_sma_stddevFallingSlope numeric
@attribute pcm_fftMag_spectralSkewness_sma_linregc1 numeric
@attribute pcm_fftMag_spectralSkewness_sma_linregc2 numeric
@attribute pcm_fftMag_spectralSkewness_sma_linregerrQ numeric
@attribute pcm_fftMag_spectralSkewness_sma_qregc1 numeric
@attribute pcm_fftMag_spectralSkewness_sma_qregc2 numeric
@attribute pcm_fftMag_spectralSkewness_sma_qregc3 numeric
@attribute pcm_fftMag_spectralSkewness_sma_qregerrQ numeric
@attribute pcm_fftMag_spectralSkewness_sma_centroid numeric
@attribute pcm_fftMag_spectralKurtosis_sma_amean numeric
@attribute pcm_fftMag_spectralKurtosis_sma_flatness numeric
@attribute pcm_fftMag_spectralKurtosis_sma_rqmean numeric
@attribute pcm_fftMag_spectralKurtosis_sma_meanPeakDist numeric
@attribute pcm_fftMag_spectralKurtosis_sma_peakDistStddev numeric
@attribute pcm_fftMag_spectralKurtosis_sma_peakRangeAbs numeric
@attribute pcm_fftMag_spectralKurtosis_sma_peakRangeRel numeric
@attribute pcm_fftMag_spectralKurtosis_sma_peakMeanAbs numeric
@attribute pcm_fftMag_spectralKurtosis_sma_peakMeanMeanDist numeric
@attribute pcm_fftMag_spectralKurtosis_sma_peakMeanRel numeric
@attribute pcm_fftMag_spectralKurtosis_sma_minRangeRel numeric
@attribute pcm_fftMag_spectralKurtosis_sma_meanRisingSlope numeric
@attribute pcm_fftMag_spectralKurtosis_sma_stddevRisingSlope numeric
@attribute pcm_fftMag_spectralKurtosis_sma_meanFallingSlope numeric
@attribute pcm_fftMag_spectralKurtosis_sma_stddevFallingSlope numeric
@attribute pcm_fftMag_spectralKurtosis_sma_linregc1 numeric
@attribute pcm_fftMag_spectralKurtosis_sma_linregc2 numeric
@attribute pcm_fftMag_spectralKurtosis_sma_linregerrQ numeric
@attribute pcm_fftMag_spectralKurtosis_sma_qregc1 numeric
@attribute pcm_fftMag_spectralKurtosis_sma_qregc2 numeric
@attribute pcm_fftMag_spectralKurtosis_sma_qregc3 numeric
@attribute pcm_fftMag_spectralKurtosis_sma_qregerrQ numeric
@attribute pcm_fftMag_spectralKurtosis_sma_centroid numeric
@attribute pcm_fftMag_spectralSlope_sma_amean numeric
@attribute pcm_fftMag_spectralSlope_sma_flatness numeric
@attribute pcm_fftMag_spectralSlope_sma_rqmean numeric
@attribute pcm_fftMag_spectralSlope_sma_meanPeakDist numeric
@attribute pcm_fftMag_spectralSlope_sma_peakDistStddev numeric
@attribute pcm_fftMag_spectralSlope_sma_peakRangeAbs numeric
@attribute pcm_fftMag_spectralSlope_sma_peakRangeRel numeric
@attribute pcm_fftMag_spectralSlope_sma_peakMeanAbs numeric
@attribute pcm_fftMag_spectralSlope_sma_peakMeanMeanDist numeric
@attribute pcm_fftMag_spectralSlope_sma_peakMeanRel numeric
@attribute pcm_fftMag_spectralSlope_sma_minRangeRel numeric
@attribute pcm_fftMag_spectralSlope_sma_meanRisingSlope numeric
@attribute pcm_fftMag_spectralSlope_sma_stddevRisingSlope numeric
@attribute pcm_fftMag_spectralSlope_sma_meanFallingSlope numeric
@attribute pcm_fftMag_spectralSlope_sma_stddevFallingSlope numeric
@attribute pcm_fftMag_spectralSlope_sma_linregc1 numeric
@attribute pcm_fftMag_spectralSlope_sma_linregc2 numeric
@attribute pcm_fftMag_spectralSlope_sma_linregerrQ numeric
@attribute pcm_fftMag_spectralSlope_sma_qregc1 numeric
@attribute pcm_fftMag_spectralSlope_sma_qregc2 numeric
@attribute pcm_fftMag_spectralSlope_sma_qregc3 numeric
@attribute pcm_fftMag_spectralSlope_sma_qregerrQ numeric
@attribute pcm_fftMag_spectralSlope_sma_centroid numeric
@attribute pcm_fftMag_psySharpness_sma_amean numeric
@attribute pcm_fftMag_psySharpness_sma_flatness numeric
@attribute pcm_fftMag_psySharpness_sma_rqmean numeric
@attribute pcm_fftMag_psySharpness_sma_meanPeakDist numeric
@attribute pcm_fftMag_psySharpness_sma_peakDistStddev numeric
@attribute pcm_fftMag_psySharpness_sma_peakRangeAbs numeric
@attribute pcm_fftMag_psySharpness_sma_peakRangeRel numeric
@attribute pcm_fftMag_psySharpness_sma_peakMeanAbs numeric
@attribute pcm_fftMag_psySharpness_sma_peakMeanMeanDist numeric
@attribute pcm_fftMag_psySharpness_sma_peakMeanRel numeric
@attribute pcm_fftMag_psySharpness_sma_minRangeRel numeric
@attribute pcm_fftMag_psySharpness_sma_meanRisingSlope numeric
@attribute pcm_fftMag_psySharpness_sma_stddevRisingSlope numeric
@attribute pcm_fftMag_psySharpness_sma_meanFallingSlope numeric
@attribute pcm_fftMag_psySharpness_sma_stddevFallingSlope numeric
@attribute pcm_fftMag_psySharpness_sma_linregc1 numeric
@attribute pcm_fftMag_psySharpness_sma_linregc2 numeric
@attribute pcm_fftMag_psySharpness_sma_linregerrQ numeric
@attribute pcm_fftMag_psySharpness_sma_qregc1 numeric
@attribute pcm_fftMag_psySharpness_sma_qregc2 numeric
@attribute pcm_fftMag_psySharpness_sma_qregc3 numeric
@attribute pcm_fftMag_psySharpness_sma_qregerrQ numeric
@attribute pcm_fftMag_psySharpness_sma_centroid numeric
@attribute pcm_fftMag_spectralHarmonicity_sma_amean numeric
@attribute pcm_fftMag_spectralHarmonicity_sma_flatness numeric
@attribute pcm_fftMag_spectralHarmonicity_sma_rqmean numeric
@attribute pcm_fftMag_spectralHarmonicity_sma_meanPeakDist numeric
@attribute pcm_fftMag_spectralHarmonicity_sma_peakDistStddev numeric
@attribute pcm_fftMag_spectralHarmonicity_sma_peakRangeAbs numeric
@attribute pcm_fftMag_spectralHarmonicity_sma_peakRangeRel numeric
@attribute pcm_fftMag_spectralHarmonicity_sma_peakMeanAbs numeric
@attribute pcm_fftMag_spectralHarmonicity_sma_peakMeanMeanDist numeric
@attribute pcm_fftMag_spectralHarmonicity_sma_peakMeanRel numeric
@attribute pcm_fftMag_spectralHarmonicity_sma_minRangeRel numeric
@attribute pcm_fftMag_spectralHarmonicity_sma_meanRisingSlope numeric
@attribute pcm_fftMag_spectralHarmonicity_sma_stddevRisingSlope numeric
@attribute pcm_fftMag_spectralHarmonicity_sma_meanFallingSlope numeric
@attribute pcm_fftMag_spectralHarmonicity_sma_stddevFallingSlope numeric
@attribute pcm_fftMag_spectralHarmonicity_sma_linregc1 numeric
@attribute pcm_fftMag_spectralHarmonicity_sma_linregc2 numeric
@attribute pcm_fftMag_spectralHarmonicity_sma_linregerrQ numeric
@attribute pcm_fftMag_spectralHarmonicity_sma_qregc1 numeric
@attribute pcm_fftMag_spectralHarmonicity_sma_qregc2 numeric
@attribute pcm_fftMag_spectralHarmonicity_sma_qregc3 numeric
@attribute pcm_fftMag_spectralHarmonicity_sma_qregerrQ numeric
@attribute pcm_fftMag_spectralHarmonicity_sma_centroid numeric
@attribute mfcc_sma[1]_amean numeric
@attribute mfcc_sma[1]_flatness numeric
@attribute mfcc_sma[1]_rqmean numeric
@attribute mfcc_sma[1]_meanPeakDist numeric
@attribute mfcc_sma[1]_peakDistStddev numeric
@attribute mfcc_sma[1]_peakRangeAbs numeric
@attribute mfcc_sma[1]_peakRangeRel numeric
@attribute mfcc_sma[1]_peakMeanAbs numeric
@attribute mfcc_sma[1]_peakMeanMeanDist numeric
@attribute mfcc_sma[1]_peakMeanRel numeric
@attribute mfcc_sma[1]_minRangeRel numeric
@attribute mfcc_sma[1]_meanRisingSlope numeric
@attribute mfcc_sma[1]_stddevRisingSlope numeric
@attribute mfcc_sma[1]_meanFallingSlope numeric
@attribute mfcc_sma[1]_stddevFallingSlope numeric
@attribute mfcc_sma[1]_linregc1 numeric
@attribute mfcc_sma[1]_linregc2 numeric
@attribute mfcc_sma[1]_linregerrQ numeric
@attribute mfcc_sma[1]_qregc1 numeric
@attribute mfcc_sma[1]_qregc2 numeric
@attribute mfcc_sma[1]_qregc3 numeric
@attribute mfcc_sma[1]_qregerrQ numeric
@attribute mfcc_sma[1]_centroid numeric
@attribute mfcc_sma[2]_amean numeric
@attribute mfcc_sma[2]_flatness numeric
@attribute mfcc_sma[2]_rqmean numeric
@attribute mfcc_sma[2]_meanPeakDist numeric
@attribute mfcc_sma[2]_peakDistStddev numeric
@attribute mfcc_sma[2]_peakRangeAbs numeric
@attribute mfcc_sma[2]_peakRangeRel numeric
@attribute mfcc_sma[2]_peakMeanAbs numeric
@attribute mfcc_sma[2]_peakMeanMeanDist numeric
@attribute mfcc_sma[2]_peakMeanRel numeric
@attribute mfcc_sma[2]_minRangeRel numeric
@attribute mfcc_sma[2]_meanRisingSlope numeric
@attribute mfcc_sma[2]_stddevRisingSlope numeric
@attribute mfcc_sma[2]_meanFallingSlope numeric
@attribute mfcc_sma[2]_stddevFallingSlope numeric
@attribute mfcc_sma[2]_linregc1 numeric
@attribute mfcc_sma[2]_linregc2 numeric
@attribute mfcc_sma[2]_linregerrQ numeric
@attribute mfcc_sma[2]_qregc1 numeric
@attribute mfcc_sma[2]_qregc2 numeric
@attribute mfcc_sma[2]_qregc3 numeric
@attribute mfcc_sma[2]_qregerrQ numeric
@attribute mfcc_sma[2]_centroid numeric
@attribute mfcc_sma[3]_amean numeric
@attribute mfcc_sma[3]_flatness numeric
@attribute mfcc_sma[3]_rqmean numeric
@attribute mfcc_sma[3]_meanPeakDist numeric
@attribute mfcc_sma[3]_peakDistStddev numeric
@attribute mfcc_sma[3]_peakRangeAbs numeric
@attribute mfcc_sma[3]_peakRangeRel numeric
@attribute mfcc_sma[3]_peakMeanAbs numeric
@attribute mfcc_sma[3]_peakMeanMeanDist numeric
@attribute mfcc_sma[3]_peakMeanRel numeric
@attribute mfcc_sma[3]_minRangeRel numeric
@attribute mfcc_sma[3]_meanRisingSlope numeric
@attribute mfcc_sma[3]_stddevRisingSlope numeric
@attribute mfcc_sma[3]_meanFallingSlope numeric
@attribute mfcc_sma[3]_stddevFallingSlope numeric
@attribute mfcc_sma[3]_linregc1 numeric
@attribute mfcc_sma[3]_linregc2 numeric
@attribute mfcc_sma[3]_linregerrQ numeric
@attribute mfcc_sma[3]_qregc1 numeric
@attribute mfcc_sma[3]_qregc2 numeric
@attribute mfcc_sma[3]_qregc3 numeric
@attribute mfcc_sma[3]_qregerrQ numeric
@attribute mfcc_sma[3]_centroid numeric
@attribute mfcc_sma[4]_amean numeric
@attribute mfcc_sma[4]_flatness numeric
@attribute mfcc_sma[4]_rqmean numeric
@attribute mfcc_sma[4]_meanPeakDist numeric
@attribute mfcc_sma[4]_peakDistStddev numeric
@attribute mfcc_sma[4]_peakRangeAbs numeric
@attribute mfcc_sma[4]_peakRangeRel numeric
@attribute mfcc_sma[4]_peakMeanAbs numeric
@attribute mfcc_sma[4]_peakMeanMeanDist numeric
@attribute mfcc_sma[4]_peakMeanRel numeric
@attribute mfcc_sma[4]_minRangeRel numeric
@attribute mfcc_sma[4]_meanRisingSlope numeric
@attribute mfcc_sma[4]_stddevRisingSlope numeric
@attribute mfcc_sma[4]_meanFallingSlope numeric
@attribute mfcc_sma[4]_stddevFallingSlope numeric
@attribute mfcc_sma[4]_linregc1 numeric
@attribute mfcc_sma[4]_linregc2 numeric
@attribute mfcc_sma[4]_linregerrQ numeric
@attribute mfcc_sma[4]_qregc1 numeric
@attribute mfcc_sma[4]_qregc2 numeric
@attribute mfcc_sma[4]_qregc3 numeric
@attribute mfcc_sma[4]_qregerrQ numeric
@attribute mfcc_sma[4]_centroid numeric
@attribute mfcc_sma[5]_amean numeric
@attribute mfcc_sma[5]_flatness numeric
@attribute mfcc_sma[5]_rqmean numeric
@attribute mfcc_sma[5]_meanPeakDist numeric
@attribute mfcc_sma[5]_peakDistStddev numeric
@attribute mfcc_sma[5]_peakRangeAbs numeric
@attribute mfcc_sma[5]_peakRangeRel numeric
@attribute mfcc_sma[5]_peakMeanAbs numeric
@attribute mfcc_sma[5]_peakMeanMeanDist numeric
@attribute mfcc_sma[5]_peakMeanRel numeric
@attribute mfcc_sma[5]_minRangeRel numeric
@attribute mfcc_sma[5]_meanRisingSlope numeric
@attribute mfcc_sma[5]_stddevRisingSlope numeric
@attribute mfcc_sma[5]_meanFallingSlope numeric
@attribute mfcc_sma[5]_stddevFallingSlope numeric
@attribute mfcc_sma[5]_linregc1 numeric
@attribute mfcc_sma[5]_linregc2 numeric
@attribute mfcc_sma[5]_linregerrQ numeric
@attribute mfcc_sma[5]_qregc1 numeric
@attribute mfcc_sma[5]_qregc2 numeric
@attribute mfcc_sma[5]_qregc3 numeric
@attribute mfcc_sma[5]_qregerrQ numeric
@attribute mfcc_sma[5]_centroid numeric
@attribute mfcc_sma[6]_amean numeric
@attribute mfcc_sma[6]_flatness numeric
@attribute mfcc_sma[6]_rqmean numeric
@attribute mfcc_sma[6]_meanPeakDist numeric
@attribute mfcc_sma[6]_peakDistStddev numeric
@attribute mfcc_sma[6]_peakRangeAbs numeric
@attribute mfcc_sma[6]_peakRangeRel numeric
@attribute mfcc_sma[6]_peakMeanAbs numeric
@attribute mfcc_sma[6]_peakMeanMeanDist numeric
@attribute mfcc_sma[6]_peakMeanRel numeric
@attribute mfcc_sma[6]_minRangeRel numeric
@attribute mfcc_sma[6]_meanRisingSlope numeric
@attribute mfcc_sma[6]_stddevRisingSlope numeric
@attribute mfcc_sma[6]_meanFallingSlope numeric
@attribute mfcc_sma[6]_stddevFallingSlope numeric
@attribute mfcc_sma[6]_linregc1 numeric
@attribute mfcc_sma[6]_linregc2 numeric
@attribute mfcc_sma[6]_linregerrQ numeric
@attribute mfcc_sma[6]_qregc1 numeric
@attribute mfcc_sma[6]_qregc2 numeric
@attribute mfcc_sma[6]_qregc3 numeric
@attribute mfcc_sma[6]_qregerrQ numeric
@attribute mfcc_sma[6]_centroid numeric
@attribute mfcc_sma[7]_amean numeric
@attribute mfcc_sma[7]_flatness numeric
@attribute mfcc_sma[7]_rqmean numeric
@attribute mfcc_sma[7]_meanPeakDist numeric
@attribute mfcc_sma[7]_peakDistStddev numeric
@attribute mfcc_sma[7]_peakRangeAbs numeric
@attribute mfcc_sma[7]_peakRangeRel numeric
@attribute mfcc_sma[7]_peakMeanAbs numeric
@attribute mfcc_sma[7]_peakMeanMeanDist numeric
@attribute mfcc_sma[7]_peakMeanRel numeric
@attribute mfcc_sma[7]_minRangeRel numeric
@attribute mfcc_sma[7]_meanRisingSlope numeric
@attribute mfcc_sma[7]_stddevRisingSlope numeric
@attribute mfcc_sma[7]_meanFallingSlope numeric
@attribute mfcc_sma[7]_stddevFallingSlope numeric
@attribute mfcc_sma[7]_linregc1 numeric
@attribute mfcc_sma[7]_linregc2 numeric
@attribute mfcc_sma[7]_linregerrQ numeric
@attribute mfcc_sma[7]_qregc1 numeric
@attribute mfcc_sma[7]_qregc2 numeric
@attribute mfcc_sma[7]_qregc3 numeric
@attribute mfcc_sma[7]_qregerrQ numeric
@attribute mfcc_sma[7]_centroid numeric
@attribute mfcc_sma[8]_amean numeric
@attribute mfcc_sma[8]_flatness numeric
@attribute mfcc_sma[8]_rqmean numeric
@attribute mfcc_sma[8]_meanPeakDist numeric
@attribute mfcc_sma[8]_peakDistStddev numeric
@attribute mfcc_sma[8]_peakRangeAbs numeric
@attribute mfcc_sma[8]_peakRangeRel numeric
@attribute mfcc_sma[8]_peakMeanAbs numeric
@attribute mfcc_sma[8]_peakMeanMeanDist numeric
@attribute mfcc_sma[8]_peakMeanRel numeric
@attribute mfcc_sma[8]_minRangeRel numeric
@attribute mfcc_sma[8]_meanRisingSlope numeric
@attribute mfcc_sma[8]_stddevRisingSlope numeric
@attribute mfcc_sma[8]_meanFallingSlope numeric
@attribute mfcc_sma[8]_stddevFallingSlope numeric
@attribute mfcc_sma[8]_linregc1 numeric
@attribute mfcc_sma[8]_linregc2 numeric
@attribute mfcc_sma[8]_linregerrQ numeric
@attribute mfcc_sma[8]_qregc1 numeric
@attribute mfcc_sma[8]_qregc2 numeric
@attribute mfcc_sma[8]_qregc3 numeric
@attribute mfcc_sma[8]_qregerrQ numeric
@attribute mfcc_sma[8]_centroid numeric
@attribute mfcc_sma[9]_amean numeric
@attribute mfcc_sma[9]_flatness numeric
@attribute mfcc_sma[9]_rqmean numeric
@attribute mfcc_sma[9]_meanPeakDist numeric
@attribute mfcc_sma[9]_peakDistStddev numeric
@attribute mfcc_sma[9]_peakRangeAbs numeric
@attribute mfcc_sma[9]_peakRangeRel numeric
@attribute mfcc_sma[9]_peakMeanAbs numeric
@attribute mfcc_sma[9]_peakMeanMeanDist numeric
@attribute mfcc_sma[9]_peakMeanRel numeric
@attribute mfcc_sma[9]_minRangeRel numeric
@attribute mfcc_sma[9]_meanRisingSlope numeric
@attribute mfcc_sma[9]_stddevRisingSlope numeric
@attribute mfcc_sma[9]_meanFallingSlope numeric
@attribute mfcc_sma[9]_stddevFallingSlope numeric
@attribute mfcc_sma[9]_linregc1 numeric
@attribute mfcc_sma[9]_linregc2 numeric
@attribute mfcc_sma[9]_linregerrQ numeric
@attribute mfcc_sma[9]_qregc1 numeric
@attribute mfcc_sma[9]_qregc2 numeric
@attribute mfcc_sma[9]_qregc3 numeric
@attribute mfcc_sma[9]_qregerrQ numeric
@attribute mfcc_sma[9]_centroid numeric
@attribute mfcc_sma[10]_amean numeric
@attribute mfcc_sma[10]_flatness numeric
@attribute mfcc_sma[10]_rqmean numeric
@attribute mfcc_sma[10]_meanPeakDist numeric
@attribute mfcc_sma[10]_peakDistStddev numeric
@attribute mfcc_sma[10]_peakRangeAbs numeric
@attribute mfcc_sma[10]_peakRangeRel numeric
@attribute mfcc_sma[10]_peakMeanAbs numeric
@attribute mfcc_sma[10]_peakMeanMeanDist numeric
@attribute mfcc_sma[10]_peakMeanRel numeric
@attribute mfcc_sma[10]_minRangeRel numeric
@attribute mfcc_sma[10]_meanRisingSlope numeric
@attribute mfcc_sma[10]_stddevRisingSlope numeric
@attribute mfcc_sma[10]_meanFallingSlope numeric
@attribute mfcc_sma[10]_stddevFallingSlope numeric
@attribute mfcc_sma[10]_linregc1 numeric
@attribute mfcc_sma[10]_linregc2 numeric
@attribute mfcc_sma[10]_linregerrQ numeric
@attribute mfcc_sma[10]_qregc1 numeric
@attribute mfcc_sma[10]_qregc2 numeric
@attribute mfcc_sma[10]_qregc3 numeric
@attribute mfcc_sma[10]_qregerrQ numeric
@attribute mfcc_sma[10]_centroid numeric
@attribute mfcc_sma[11]_amean numeric
@attribute mfcc_sma[11]_flatness numeric
@attribute mfcc_sma[11]_rqmean numeric
@attribute mfcc_sma[11]_meanPeakDist numeric
@attribute mfcc_sma[11]_peakDistStddev numeric
@attribute mfcc_sma[11]_peakRangeAbs numeric
@attribute mfcc_sma[11]_peakRangeRel numeric
@attribute mfcc_sma[11]_peakMeanAbs numeric
@attribute mfcc_sma[11]_peakMeanMeanDist numeric
@attribute mfcc_sma[11]_peakMeanRel numeric
@attribute mfcc_sma[11]_minRangeRel numeric
@attribute mfcc_sma[11]_meanRisingSlope numeric
@attribute mfcc_sma[11]_stddevRisingSlope numeric
@attribute mfcc_sma[11]_meanFallingSlope numeric
@attribute mfcc_sma[11]_stddevFallingSlope numeric
@attribute mfcc_sma[11]_linregc1 numeric
@attribute mfcc_sma[11]_linregc2 numeric
@attribute mfcc_sma[11]_linregerrQ numeric
@attribute mfcc_sma[11]_qregc1 numeric
@attribute mfcc_sma[11]_qregc2 numeric
@attribute mfcc_sma[11]_qregc3 numeric
@attribute mfcc_sma[11]_qregerrQ numeric
@attribute mfcc_sma[11]_centroid numeric
@attribute mfcc_sma[12]_amean numeric
@attribute mfcc_sma[12]_flatness numeric
@attribute mfcc_sma[12]_rqmean numeric
@attribute mfcc_sma[12]_meanPeakDist numeric
@attribute mfcc_sma[12]_peakDistStddev numeric
@attribute mfcc_sma[12]_peakRangeAbs numeric
@attribute mfcc_sma[12]_peakRangeRel numeric
@attribute mfcc_sma[12]_peakMeanAbs numeric
@attribute mfcc_sma[12]_peakMeanMeanDist numeric
@attribute mfcc_sma[12]_peakMeanRel numeric
@attribute mfcc_sma[12]_minRangeRel numeric
@attribute mfcc_sma[12]_meanRisingSlope numeric
@attribute mfcc_sma[12]_stddevRisingSlope numeric
@attribute mfcc_sma[12]_meanFallingSlope numeric
@attribute mfcc_sma[12]_stddevFallingSlope numeric
@attribute mfcc_sma[12]_linregc1 numeric
@attribute mfcc_sma[12]_linregc2 numeric
@attribute mfcc_sma[12]_linregerrQ numeric
@attribute mfcc_sma[12]_qregc1 numeric
@attribute mfcc_sma[12]_qregc2 numeric
@attribute mfcc_sma[12]_qregc3 numeric
@attribute mfcc_sma[12]_qregerrQ numeric
@attribute mfcc_sma[12]_centroid numeric
@attribute mfcc_sma[13]_amean numeric
@attribute mfcc_sma[13]_flatness numeric
@attribute mfcc_sma[13]_rqmean numeric
@attribute mfcc_sma[13]_meanPeakDist numeric
@attribute mfcc_sma[13]_peakDistStddev numeric
@attribute mfcc_sma[13]_peakRangeAbs numeric
@attribute mfcc_sma[13]_peakRangeRel numeric
@attribute mfcc_sma[13]_peakMeanAbs numeric
@attribute mfcc_sma[13]_peakMeanMeanDist numeric
@attribute mfcc_sma[13]_peakMeanRel numeric
@attribute mfcc_sma[13]_minRangeRel numeric
@attribute mfcc_sma[13]_meanRisingSlope numeric
@attribute mfcc_sma[13]_stddevRisingSlope numeric
@attribute mfcc_sma[13]_meanFallingSlope numeric
@attribute mfcc_sma[13]_stddevFallingSlope numeric
@attribute mfcc_sma[13]_linregc1 numeric
@attribute mfcc_sma[13]_linregc2 numeric
@attribute mfcc_sma[13]_linregerrQ numeric
@attribute mfcc_sma[13]_qregc1 numeric
@attribute mfcc_sma[13]_qregc2 numeric
@attribute mfcc_sma[13]_qregc3 numeric
@attribute mfcc_sma[13]_qregerrQ numeric
@attribute mfcc_sma[13]_centroid numeric
@attribute mfcc_sma[14]_amean numeric
@attribute mfcc_sma[14]_flatness numeric
@attribute mfcc_sma[14]_rqmean numeric
@attribute mfcc_sma[14]_meanPeakDist numeric
@attribute mfcc_sma[14]_peakDistStddev numeric
@attribute mfcc_sma[14]_peakRangeAbs numeric
@attribute mfcc_sma[14]_peakRangeRel numeric
@attribute mfcc_sma[14]_peakMeanAbs numeric
@attribute mfcc_sma[14]_peakMeanMeanDist numeric
@attribute mfcc_sma[14]_peakMeanRel numeric
@attribute mfcc_sma[14]_minRangeRel numeric
@attribute mfcc_sma[14]_meanRisingSlope numeric
@attribute mfcc_sma[14]_stddevRisingSlope numeric
@attribute mfcc_sma[14]_meanFallingSlope numeric
@attribute mfcc_sma[14]_stddevFallingSlope numeric
@attribute mfcc_sma[14]_linregc1 numeric
@attribute mfcc_sma[14]_linregc2 numeric
@attribute mfcc_sma[14]_linregerrQ numeric
@attribute mfcc_sma[14]_qregc1 numeric
@attribute mfcc_sma[14]_qregc2 numeric
@attribute mfcc_sma[14]_qregc3 numeric
@attribute mfcc_sma[14]_qregerrQ numeric
@attribute mfcc_sma[14]_centroid numeric
@attribute audspec_lengthL1norm_sma_de_flatness numeric
@attribute audspec_lengthL1norm_sma_de_posamean numeric
@attribute audspec_lengthL1norm_sma_de_rqmean numeric
@attribute audspec_lengthL1norm_sma_de_meanPeakDist numeric
@attribute audspec_lengthL1norm_sma_de_peakDistStddev numeric
@attribute audspec_lengthL1norm_sma_de_peakRangeAbs numeric
@attribute audspec_lengthL1norm_sma_de_peakRangeRel numeric
@attribute audspec_lengthL1norm_sma_de_peakMeanAbs numeric
@attribute audspec_lengthL1norm_sma_de_peakMeanMeanDist numeric
@attribute audspec_lengthL1norm_sma_de_peakMeanRel numeric
@attribute audspec_lengthL1norm_sma_de_minRangeRel numeric
@attribute audspec_lengthL1norm_sma_de_meanRisingSlope numeric
@attribute audspec_lengthL1norm_sma_de_stddevRisingSlope numeric
@attribute audspec_lengthL1norm_sma_de_meanFallingSlope numeric
@attribute audspec_lengthL1norm_sma_de_stddevFallingSlope numeric
@attribute audspecRasta_lengthL1norm_sma_de_flatness numeric
@attribute audspecRasta_lengthL1norm_sma_de_posamean numeric
@attribute audspecRasta_lengthL1norm_sma_de_rqmean numeric
@attribute audspecRasta_lengthL1norm_sma_de_meanPeakDist numeric
@attribute audspecRasta_lengthL1norm_sma_de_peakDistStddev numeric
@attribute audspecRasta_lengthL1norm_sma_de_peakRangeAbs numeric
@attribute audspecRasta_lengthL1norm_sma_de_peakRangeRel numeric
@attribute audspecRasta_lengthL1norm_sma_de_peakMeanAbs numeric
@attribute audspecRasta_lengthL1norm_sma_de_peakMeanMeanDist numeric
@attribute audspecRasta_lengthL1norm_sma_de_peakMeanRel numeric
@attribute audspecRasta_lengthL1norm_sma_de_minRangeRel numeric
@attribute audspecRasta_lengthL1norm_sma_de_meanRisingSlope numeric
@attribute audspecRasta_lengthL1norm_sma_de_stddevRisingSlope numeric
@attribute audspecRasta_lengthL1norm_sma_de_meanFallingSlope numeric
@attribute audspecRasta_lengthL1norm_sma_de_stddevFallingSlope numeric
@attribute pcm_RMSenergy_sma_de_flatness numeric
@attribute pcm_RMSenergy_sma_de_posamean numeric
@attribute pcm_RMSenergy_sma_de_rqmean numeric
@attribute pcm_RMSenergy_sma_de_meanPeakDist numeric
@attribute pcm_RMSenergy_sma_de_peakDistStddev numeric
@attribute pcm_RMSenergy_sma_de_peakRangeAbs numeric
@attribute pcm_RMSenergy_sma_de_peakRangeRel numeric
@attribute pcm_RMSenergy_sma_de_peakMeanAbs numeric
@attribute pcm_RMSenergy_sma_de_peakMeanMeanDist numeric
@attribute pcm_RMSenergy_sma_de_peakMeanRel numeric
@attribute pcm_RMSenergy_sma_de_minRangeRel numeric
@attribute pcm_RMSenergy_sma_de_meanRisingSlope numeric
@attribute pcm_RMSenergy_sma_de_stddevRisingSlope numeric
@attribute pcm_RMSenergy_sma_de_meanFallingSlope numeric
@attribute pcm_RMSenergy_sma_de_stddevFallingSlope numeric
@attribute pcm_zcr_sma_de_flatness numeric
@attribute pcm_zcr_sma_de_posamean numeric
@attribute pcm_zcr_sma_de_rqmean numeric
@attribute pcm_zcr_sma_de_meanPeakDist numeric
@attribute pcm_zcr_sma_de_peakDistStddev numeric
@attribute pcm_zcr_sma_de_peakRangeAbs numeric
@attribute pcm_zcr_sma_de_peakRangeRel numeric
@attribute pcm_zcr_sma_de_peakMeanAbs numeric
@attribute pcm_zcr_sma_de_peakMeanMeanDist numeric
@attribute pcm_zcr_sma_de_peakMeanRel numeric
@attribute pcm_zcr_sma_de_minRangeRel numeric
@attribute pcm_zcr_sma_de_meanRisingSlope numeric
@attribute pcm_zcr_sma_de_stddevRisingSlope numeric
@attribute pcm_zcr_sma_de_meanFallingSlope numeric
@attribute pcm_zcr_sma_de_stddevFallingSlope numeric
@attribute audSpec_Rfilt_sma_de[0]_flatness numeric
@attribute audSpec_Rfilt_sma_de[0]_posamean numeric
@attribute audSpec_Rfilt_sma_de[0]_rqmean numeric
@attribute audSpec_Rfilt_sma_de[0]_meanPeakDist numeric
@attribute audSpec_Rfilt_sma_de[0]_peakDistStddev numeric
@attribute audSpec_Rfilt_sma_de[0]_peakRangeAbs numeric
@attribute audSpec_Rfilt_sma_de[0]_peakRangeRel numeric
@attribute audSpec_Rfilt_sma_de[0]_peakMeanAbs numeric
@attribute audSpec_Rfilt_sma_de[0]_peakMeanMeanDist numeric
@attribute audSpec_Rfilt_sma_de[0]_peakMeanRel numeric
@attribute audSpec_Rfilt_sma_de[0]_minRangeRel numeric
@attribute audSpec_Rfilt_sma_de[0]_meanRisingSlope numeric
@attribute audSpec_Rfilt_sma_de[0]_stddevRisingSlope numeric
@attribute audSpec_Rfilt_sma_de[0]_meanFallingSlope numeric
@attribute audSpec_Rfilt_sma_de[0]_stddevFallingSlope numeric
@attribute audSpec_Rfilt_sma_de[1]_flatness numeric
@attribute audSpec_Rfilt_sma_de[1]_posamean numeric
@attribute audSpec_Rfilt_sma_de[1]_rqmean numeric
@attribute audSpec_Rfilt_sma_de[1]_meanPeakDist numeric
@attribute audSpec_Rfilt_sma_de[1]_peakDistStddev numeric
@attribute audSpec_Rfilt_sma_de[1]_peakRangeAbs numeric
@attribute audSpec_Rfilt_sma_de[1]_peakRangeRel numeric
@attribute audSpec_Rfilt_sma_de[1]_peakMeanAbs numeric
@attribute audSpec_Rfilt_sma_de[1]_peakMeanMeanDist numeric
@attribute audSpec_Rfilt_sma_de[1]_peakMeanRel numeric
@attribute audSpec_Rfilt_sma_de[1]_minRangeRel numeric
@attribute audSpec_Rfilt_sma_de[1]_meanRisingSlope numeric
@attribute audSpec_Rfilt_sma_de[1]_stddevRisingSlope numeric
@attribute audSpec_Rfilt_sma_de[1]_meanFallingSlope numeric
@attribute audSpec_Rfilt_sma_de[1]_stddevFallingSlope numeric
@attribute audSpec_Rfilt_sma_de[2]_flatness numeric
@attribute audSpec_Rfilt_sma_de[2]_posamean numeric
@attribute audSpec_Rfilt_sma_de[2]_rqmean numeric
@attribute audSpec_Rfilt_sma_de[2]_meanPeakDist numeric
@attribute audSpec_Rfilt_sma_de[2]_peakDistStddev numeric
@attribute audSpec_Rfilt_sma_de[2]_peakRangeAbs numeric
@attribute audSpec_Rfilt_sma_de[2]_peakRangeRel numeric
@attribute audSpec_Rfilt_sma_de[2]_peakMeanAbs numeric
@attribute audSpec_Rfilt_sma_de[2]_peakMeanMeanDist numeric
@attribute audSpec_Rfilt_sma_de[2]_peakMeanRel numeric
@attribute audSpec_Rfilt_sma_de[2]_minRangeRel numeric
@attribute audSpec_Rfilt_sma_de[2]_meanRisingSlope numeric
@attribute audSpec_Rfilt_sma_de[2]_stddevRisingSlope numeric
@attribute audSpec_Rfilt_sma_de[2]_meanFallingSlope numeric
@attribute audSpec_Rfilt_sma_de[2]_stddevFallingSlope numeric
@attribute audSpec_Rfilt_sma_de[3]_flatness numeric
@attribute audSpec_Rfilt_sma_de[3]_posamean numeric
@attribute audSpec_Rfilt_sma_de[3]_rqmean numeric
@attribute audSpec_Rfilt_sma_de[3]_meanPeakDist numeric
@attribute audSpec_Rfilt_sma_de[3]_peakDistStddev numeric
@attribute audSpec_Rfilt_sma_de[3]_peakRangeAbs numeric
@attribute audSpec_Rfilt_sma_de[3]_peakRangeRel numeric
@attribute audSpec_Rfilt_sma_de[3]_peakMeanAbs numeric
@attribute audSpec_Rfilt_sma_de[3]_peakMeanMeanDist numeric
@attribute audSpec_Rfilt_sma_de[3]_peakMeanRel numeric
@attribute audSpec_Rfilt_sma_de[3]_minRangeRel numeric
@attribute audSpec_Rfilt_sma_de[3]_meanRisingSlope numeric
@attribute audSpec_Rfilt_sma_de[3]_stddevRisingSlope numeric
@attribute audSpec_Rfilt_sma_de[3]_meanFallingSlope numeric
@attribute audSpec_Rfilt_sma_de[3]_stddevFallingSlope numeric
@attribute audSpec_Rfilt_sma_de[4]_flatness numeric
@attribute audSpec_Rfilt_sma_de[4]_posamean numeric
@attribute audSpec_Rfilt_sma_de[4]_rqmean numeric
@attribute audSpec_Rfilt_sma_de[4]_meanPeakDist numeric
@attribute audSpec_Rfilt_sma_de[4]_peakDistStddev numeric
@attribute audSpec_Rfilt_sma_de[4]_peakRangeAbs numeric
@attribute audSpec_Rfilt_sma_de[4]_peakRangeRel numeric
@attribute audSpec_Rfilt_sma_de[4]_peakMeanAbs numeric
@attribute audSpec_Rfilt_sma_de[4]_peakMeanMeanDist numeric
@attribute audSpec_Rfilt_sma_de[4]_peakMeanRel numeric
@attribute audSpec_Rfilt_sma_de[4]_minRangeRel numeric
@attribute audSpec_Rfilt_sma_de[4]_meanRisingSlope numeric
@attribute audSpec_Rfilt_sma_de[4]_stddevRisingSlope numeric
@attribute audSpec_Rfilt_sma_de[4]_meanFallingSlope numeric
@attribute audSpec_Rfilt_sma_de[4]_stddevFallingSlope numeric
@attribute audSpec_Rfilt_sma_de[5]_flatness numeric
@attribute audSpec_Rfilt_sma_de[5]_posamean numeric
@attribute audSpec_Rfilt_sma_de[5]_rqmean numeric
@attribute audSpec_Rfilt_sma_de[5]_meanPeakDist numeric
@attribute audSpec_Rfilt_sma_de[5]_peakDistStddev numeric
@attribute audSpec_Rfilt_sma_de[5]_peakRangeAbs numeric
@attribute audSpec_Rfilt_sma_de[5]_peakRangeRel numeric
@attribute audSpec_Rfilt_sma_de[5]_peakMeanAbs numeric
@attribute audSpec_Rfilt_sma_de[5]_peakMeanMeanDist numeric
@attribute audSpec_Rfilt_sma_de[5]_peakMeanRel numeric
@attribute audSpec_Rfilt_sma_de[5]_minRangeRel numeric
@attribute audSpec_Rfilt_sma_de[5]_meanRisingSlope numeric
@attribute audSpec_Rfilt_sma_de[5]_stddevRisingSlope numeric
@attribute audSpec_Rfilt_sma_de[5]_meanFallingSlope numeric
@attribute audSpec_Rfilt_sma_de[5]_stddevFallingSlope numeric
@attribute audSpec_Rfilt_sma_de[6]_flatness numeric
@attribute audSpec_Rfilt_sma_de[6]_posamean numeric
@attribute audSpec_Rfilt_sma_de[6]_rqmean numeric
@attribute audSpec_Rfilt_sma_de[6]_meanPeakDist numeric
@attribute audSpec_Rfilt_sma_de[6]_peakDistStddev numeric
@attribute audSpec_Rfilt_sma_de[6]_peakRangeAbs numeric
@attribute audSpec_Rfilt_sma_de[6]_peakRangeRel numeric
@attribute audSpec_Rfilt_sma_de[6]_peakMeanAbs numeric
@attribute audSpec_Rfilt_sma_de[6]_peakMeanMeanDist numeric
@attribute audSpec_Rfilt_sma_de[6]_peakMeanRel numeric
@attribute audSpec_Rfilt_sma_de[6]_minRangeRel numeric
@attribute audSpec_Rfilt_sma_de[6]_meanRisingSlope numeric
@attribute audSpec_Rfilt_sma_de[6]_stddevRisingSlope numeric
@attribute audSpec_Rfilt_sma_de[6]_meanFallingSlope numeric
@attribute audSpec_Rfilt_sma_de[6]_stddevFallingSlope numeric
@attribute audSpec_Rfilt_sma_de[7]_flatness numeric
@attribute audSpec_Rfilt_sma_de[7]_posamean numeric
@attribute audSpec_Rfilt_sma_de[7]_rqmean numeric
@attribute audSpec_Rfilt_sma_de[7]_meanPeakDist numeric
@attribute audSpec_Rfilt_sma_de[7]_peakDistStddev numeric
@attribute audSpec_Rfilt_sma_de[7]_peakRangeAbs numeric
@attribute audSpec_Rfilt_sma_de[7]_peakRangeRel numeric
@attribute audSpec_Rfilt_sma_de[7]_peakMeanAbs numeric
@attribute audSpec_Rfilt_sma_de[7]_peakMeanMeanDist numeric
@attribute audSpec_Rfilt_sma_de[7]_peakMeanRel numeric
@attribute audSpec_Rfilt_sma_de[7]_minRangeRel numeric
@attribute audSpec_Rfilt_sma_de[7]_meanRisingSlope numeric
@attribute audSpec_Rfilt_sma_de[7]_stddevRisingSlope numeric
@attribute audSpec_Rfilt_sma_de[7]_meanFallingSlope numeric
@attribute audSpec_Rfilt_sma_de[7]_stddevFallingSlope numeric
@attribute audSpec_Rfilt_sma_de[8]_flatness numeric
@attribute audSpec_Rfilt_sma_de[8]_posamean numeric
@attribute audSpec_Rfilt_sma_de[8]_rqmean numeric
@attribute audSpec_Rfilt_sma_de[8]_meanPeakDist numeric
@attribute audSpec_Rfilt_sma_de[8]_peakDistStddev numeric
@attribute audSpec_Rfilt_sma_de[8]_peakRangeAbs numeric
@attribute audSpec_Rfilt_sma_de[8]_peakRangeRel numeric
@attribute audSpec_Rfilt_sma_de[8]_peakMeanAbs numeric
@attribute audSpec_Rfilt_sma_de[8]_peakMeanMeanDist numeric
@attribute audSpec_Rfilt_sma_de[8]_peakMeanRel numeric
@attribute audSpec_Rfilt_sma_de[8]_minRangeRel numeric
@attribute audSpec_Rfilt_sma_de[8]_meanRisingSlope numeric
@attribute audSpec_Rfilt_sma_de[8]_stddevRisingSlope numeric
@attribute audSpec_Rfilt_sma_de[8]_meanFallingSlope numeric
@attribute audSpec_Rfilt_sma_de[8]_stddevFallingSlope numeric
@attribute audSpec_Rfilt_sma_de[9]_flatness numeric
@attribute audSpec_Rfilt_sma_de[9]_posamean numeric
@attribute audSpec_Rfilt_sma_de[9]_rqmean numeric
@attribute audSpec_Rfilt_sma_de[9]_meanPeakDist numeric
@attribute audSpec_Rfilt_sma_de[9]_peakDistStddev numeric
@attribute audSpec_Rfilt_sma_de[9]_peakRangeAbs numeric
@attribute audSpec_Rfilt_sma_de[9]_peakRangeRel numeric
@attribute audSpec_Rfilt_sma_de[9]_peakMeanAbs numeric
@attribute audSpec_Rfilt_sma_de[9]_peakMeanMeanDist numeric
@attribute audSpec_Rfilt_sma_de[9]_peakMeanRel numeric
@attribute audSpec_Rfilt_sma_de[9]_minRangeRel numeric
@attribute audSpec_Rfilt_sma_de[9]_meanRisingSlope numeric
@attribute audSpec_Rfilt_sma_de[9]_stddevRisingSlope numeric
@attribute audSpec_Rfilt_sma_de[9]_meanFallingSlope numeric
@attribute audSpec_Rfilt_sma_de[9]_stddevFallingSlope numeric
@attribute audSpec_Rfilt_sma_de[10]_flatness numeric
@attribute audSpec_Rfilt_sma_de[10]_posamean numeric
@attribute audSpec_Rfilt_sma_de[10]_rqmean numeric
@attribute audSpec_Rfilt_sma_de[10]_meanPeakDist numeric
@attribute audSpec_Rfilt_sma_de[10]_peakDistStddev numeric
@attribute audSpec_Rfilt_sma_de[10]_peakRangeAbs numeric
@attribute audSpec_Rfilt_sma_de[10]_peakRangeRel numeric
@attribute audSpec_Rfilt_sma_de[10]_peakMeanAbs numeric
@attribute audSpec_Rfilt_sma_de[10]_peakMeanMeanDist numeric
@attribute audSpec_Rfilt_sma_de[10]_peakMeanRel numeric
@attribute audSpec_Rfilt_sma_de[10]_minRangeRel numeric
@attribute audSpec_Rfilt_sma_de[10]_meanRisingSlope numeric
@attribute audSpec_Rfilt_sma_de[10]_stddevRisingSlope numeric
@attribute audSpec_Rfilt_sma_de[10]_meanFallingSlope numeric
@attribute audSpec_Rfilt_sma_de[10]_stddevFallingSlope numeric
@attribute audSpec_Rfilt_sma_de[11]_flatness numeric
@attribute audSpec_Rfilt_sma_de[11]_posamean numeric
@attribute audSpec_Rfilt_sma_de[11]_rqmean numeric
@attribute audSpec_Rfilt_sma_de[11]_meanPeakDist numeric
@attribute audSpec_Rfilt_sma_de[11]_peakDistStddev numeric
@attribute audSpec_Rfilt_sma_de[11]_peakRangeAbs numeric
@attribute audSpec_Rfilt_sma_de[11]_peakRangeRel numeric
@attribute audSpec_Rfilt_sma_de[11]_peakMeanAbs numeric
@attribute audSpec_Rfilt_sma_de[11]_peakMeanMeanDist numeric
@attribute audSpec_Rfilt_sma_de[11]_peakMeanRel numeric
@attribute audSpec_Rfilt_sma_de[11]_minRangeRel numeric
@attribute audSpec_Rfilt_sma_de[11]_meanRisingSlope numeric
@attribute audSpec_Rfilt_sma_de[11]_stddevRisingSlope numeric
@attribute audSpec_Rfilt_sma_de[11]_meanFallingSlope numeric
@attribute audSpec_Rfilt_sma_de[11]_stddevFallingSlope numeric
@attribute audSpec_Rfilt_sma_de[12]_flatness numeric
@attribute audSpec_Rfilt_sma_de[12]_posamean numeric
@attribute audSpec_Rfilt_sma_de[12]_rqmean numeric
@attribute audSpec_Rfilt_sma_de[12]_meanPeakDist numeric
@attribute audSpec_Rfilt_sma_de[12]_peakDistStddev numeric
@attribute audSpec_Rfilt_sma_de[12]_peakRangeAbs numeric
@attribute audSpec_Rfilt_sma_de[12]_peakRangeRel numeric
@attribute audSpec_Rfilt_sma_de[12]_peakMeanAbs numeric
@attribute audSpec_Rfilt_sma_de[12]_peakMeanMeanDist numeric
@attribute audSpec_Rfilt_sma_de[12]_peakMeanRel numeric
@attribute audSpec_Rfilt_sma_de[12]_minRangeRel numeric
@attribute audSpec_Rfilt_sma_de[12]_meanRisingSlope numeric
@attribute audSpec_Rfilt_sma_de[12]_stddevRisingSlope numeric
@attribute audSpec_Rfilt_sma_de[12]_meanFallingSlope numeric
@attribute audSpec_Rfilt_sma_de[12]_stddevFallingSlope numeric
@attribute audSpec_Rfilt_sma_de[13]_flatness numeric
@attribute audSpec_Rfilt_sma_de[13]_posamean numeric
@attribute audSpec_Rfilt_sma_de[13]_rqmean numeric
@attribute audSpec_Rfilt_sma_de[13]_meanPeakDist numeric
@attribute audSpec_Rfilt_sma_de[13]_peakDistStddev numeric
@attribute audSpec_Rfilt_sma_de[13]_peakRangeAbs numeric
@attribute audSpec_Rfilt_sma_de[13]_peakRangeRel numeric
@attribute audSpec_Rfilt_sma_de[13]_peakMeanAbs numeric
@attribute audSpec_Rfilt_sma_de[13]_peakMeanMeanDist numeric
@attribute audSpec_Rfilt_sma_de[13]_peakMeanRel numeric
@attribute audSpec_Rfilt_sma_de[13]_minRangeRel numeric
@attribute audSpec_Rfilt_sma_de[13]_meanRisingSlope numeric
@attribute audSpec_Rfilt_sma_de[13]_stddevRisingSlope numeric
@attribute audSpec_Rfilt_sma_de[13]_meanFallingSlope numeric
@attribute audSpec_Rfilt_sma_de[13]_stddevFallingSlope numeric
@attribute audSpec_Rfilt_sma_de[14]_flatness numeric
@attribute audSpec_Rfilt_sma_de[14]_posamean numeric
@attribute audSpec_Rfilt_sma_de[14]_rqmean numeric
@attribute audSpec_Rfilt_sma_de[14]_meanPeakDist numeric
@attribute audSpec_Rfilt_sma_de[14]_peakDistStddev numeric
@attribute audSpec_Rfilt_sma_de[14]_peakRangeAbs numeric
@attribute audSpec_Rfilt_sma_de[14]_peakRangeRel numeric
@attribute audSpec_Rfilt_sma_de[14]_peakMeanAbs numeric
@attribute audSpec_Rfilt_sma_de[14]_peakMeanMeanDist numeric
@attribute audSpec_Rfilt_sma_de[14]_peakMeanRel numeric
@attribute audSpec_Rfilt_sma_de[14]_minRangeRel numeric
@attribute audSpec_Rfilt_sma_de[14]_meanRisingSlope numeric
@attribute audSpec_Rfilt_sma_de[14]_stddevRisingSlope numeric
@attribute audSpec_Rfilt_sma_de[14]_meanFallingSlope numeric
@attribute audSpec_Rfilt_sma_de[14]_stddevFallingSlope numeric
@attribute audSpec_Rfilt_sma_de[15]_flatness numeric
@attribute audSpec_Rfilt_sma_de[15]_posamean numeric
@attribute audSpec_Rfilt_sma_de[15]_rqmean numeric
@attribute audSpec_Rfilt_sma_de[15]_meanPeakDist numeric
@attribute audSpec_Rfilt_sma_de[15]_peakDistStddev numeric
@attribute audSpec_Rfilt_sma_de[15]_peakRangeAbs numeric
@attribute audSpec_Rfilt_sma_de[15]_peakRangeRel numeric
@attribute audSpec_Rfilt_sma_de[15]_peakMeanAbs numeric
@attribute audSpec_Rfilt_sma_de[15]_peakMeanMeanDist numeric
@attribute audSpec_Rfilt_sma_de[15]_peakMeanRel numeric
@attribute audSpec_Rfilt_sma_de[15]_minRangeRel numeric
@attribute audSpec_Rfilt_sma_de[15]_meanRisingSlope numeric
@attribute audSpec_Rfilt_sma_de[15]_stddevRisingSlope numeric
@attribute audSpec_Rfilt_sma_de[15]_meanFallingSlope numeric
@attribute audSpec_Rfilt_sma_de[15]_stddevFallingSlope numeric
@attribute audSpec_Rfilt_sma_de[16]_flatness numeric
@attribute audSpec_Rfilt_sma_de[16]_posamean numeric
@attribute audSpec_Rfilt_sma_de[16]_rqmean numeric
@attribute audSpec_Rfilt_sma_de[16]_meanPeakDist numeric
@attribute audSpec_Rfilt_sma_de[16]_peakDistStddev numeric
@attribute audSpec_Rfilt_sma_de[16]_peakRangeAbs numeric
@attribute audSpec_Rfilt_sma_de[16]_peakRangeRel numeric
@attribute audSpec_Rfilt_sma_de[16]_peakMeanAbs numeric
@attribute audSpec_Rfilt_sma_de[16]_peakMeanMeanDist numeric
@attribute audSpec_Rfilt_sma_de[16]_peakMeanRel numeric
@attribute audSpec_Rfilt_sma_de[16]_minRangeRel numeric
@attribute audSpec_Rfilt_sma_de[16]_meanRisingSlope numeric
@attribute audSpec_Rfilt_sma_de[16]_stddevRisingSlope numeric
@attribute audSpec_Rfilt_sma_de[16]_meanFallingSlope numeric
@attribute audSpec_Rfilt_sma_de[16]_stddevFallingSlope numeric
@attribute audSpec_Rfilt_sma_de[17]_flatness numeric
@attribute audSpec_Rfilt_sma_de[17]_posamean numeric
@attribute audSpec_Rfilt_sma_de[17]_rqmean numeric
@attribute audSpec_Rfilt_sma_de[17]_meanPeakDist numeric
@attribute audSpec_Rfilt_sma_de[17]_peakDistStddev numeric
@attribute audSpec_Rfilt_sma_de[17]_peakRangeAbs numeric
@attribute audSpec_Rfilt_sma_de[17]_peakRangeRel numeric
@attribute audSpec_Rfilt_sma_de[17]_peakMeanAbs numeric
@attribute audSpec_Rfilt_sma_de[17]_peakMeanMeanDist numeric
@attribute audSpec_Rfilt_sma_de[17]_peakMeanRel numeric
@attribute audSpec_Rfilt_sma_de[17]_minRangeRel numeric
@attribute audSpec_Rfilt_sma_de[17]_meanRisingSlope numeric
@attribute audSpec_Rfilt_sma_de[17]_stddevRisingSlope numeric
@attribute audSpec_Rfilt_sma_de[17]_meanFallingSlope numeric
@attribute audSpec_Rfilt_sma_de[17]_stddevFallingSlope numeric
@attribute audSpec_Rfilt_sma_de[18]_flatness numeric
@attribute audSpec_Rfilt_sma_de[18]_posamean numeric
@attribute audSpec_Rfilt_sma_de[18]_rqmean numeric
@attribute audSpec_Rfilt_sma_de[18]_meanPeakDist numeric
@attribute audSpec_Rfilt_sma_de[18]_peakDistStddev numeric
@attribute audSpec_Rfilt_sma_de[18]_peakRangeAbs numeric
@attribute audSpec_Rfilt_sma_de[18]_peakRangeRel numeric
@attribute audSpec_Rfilt_sma_de[18]_peakMeanAbs numeric
@attribute audSpec_Rfilt_sma_de[18]_peakMeanMeanDist numeric
@attribute audSpec_Rfilt_sma_de[18]_peakMeanRel numeric
@attribute audSpec_Rfilt_sma_de[18]_minRangeRel numeric
@attribute audSpec_Rfilt_sma_de[18]_meanRisingSlope numeric
@attribute audSpec_Rfilt_sma_de[18]_stddevRisingSlope numeric
@attribute audSpec_Rfilt_sma_de[18]_meanFallingSlope numeric
@attribute audSpec_Rfilt_sma_de[18]_stddevFallingSlope numeric
@attribute audSpec_Rfilt_sma_de[19]_flatness numeric
@attribute audSpec_Rfilt_sma_de[19]_posamean numeric
@attribute audSpec_Rfilt_sma_de[19]_rqmean numeric
@attribute audSpec_Rfilt_sma_de[19]_meanPeakDist numeric
@attribute audSpec_Rfilt_sma_de[19]_peakDistStddev numeric
@attribute audSpec_Rfilt_sma_de[19]_peakRangeAbs numeric
@attribute audSpec_Rfilt_sma_de[19]_peakRangeRel numeric
@attribute audSpec_Rfilt_sma_de[19]_peakMeanAbs numeric
@attribute audSpec_Rfilt_sma_de[19]_peakMeanMeanDist numeric
@attribute audSpec_Rfilt_sma_de[19]_peakMeanRel numeric
@attribute audSpec_Rfilt_sma_de[19]_minRangeRel numeric
@attribute audSpec_Rfilt_sma_de[19]_meanRisingSlope numeric
@attribute audSpec_Rfilt_sma_de[19]_stddevRisingSlope numeric
@attribute audSpec_Rfilt_sma_de[19]_meanFallingSlope numeric
@attribute audSpec_Rfilt_sma_de[19]_stddevFallingSlope numeric
@attribute audSpec_Rfilt_sma_de[20]_flatness numeric
@attribute audSpec_Rfilt_sma_de[20]_posamean numeric
@attribute audSpec_Rfilt_sma_de[20]_rqmean numeric
@attribute audSpec_Rfilt_sma_de[20]_meanPeakDist numeric
@attribute audSpec_Rfilt_sma_de[20]_peakDistStddev numeric
@attribute audSpec_Rfilt_sma_de[20]_peakRangeAbs numeric
@attribute audSpec_Rfilt_sma_de[20]_peakRangeRel numeric
@attribute audSpec_Rfilt_sma_de[20]_peakMeanAbs numeric
@attribute audSpec_Rfilt_sma_de[20]_peakMeanMeanDist numeric
@attribute audSpec_Rfilt_sma_de[20]_peakMeanRel numeric
@attribute audSpec_Rfilt_sma_de[20]_minRangeRel numeric
@attribute audSpec_Rfilt_sma_de[20]_meanRisingSlope numeric
@attribute audSpec_Rfilt_sma_de[20]_stddevRisingSlope numeric
@attribute audSpec_Rfilt_sma_de[20]_meanFallingSlope numeric
@attribute audSpec_Rfilt_sma_de[20]_stddevFallingSlope numeric
@attribute audSpec_Rfilt_sma_de[21]_flatness numeric
@attribute audSpec_Rfilt_sma_de[21]_posamean numeric
@attribute audSpec_Rfilt_sma_de[21]_rqmean numeric
@attribute audSpec_Rfilt_sma_de[21]_meanPeakDist numeric
@attribute audSpec_Rfilt_sma_de[21]_peakDistStddev numeric
@attribute audSpec_Rfilt_sma_de[21]_peakRangeAbs numeric
@attribute audSpec_Rfilt_sma_de[21]_peakRangeRel numeric
@attribute audSpec_Rfilt_sma_de[21]_peakMeanAbs numeric
@attribute audSpec_Rfilt_sma_de[21]_peakMeanMeanDist numeric
@attribute audSpec_Rfilt_sma_de[21]_peakMeanRel numeric
@attribute audSpec_Rfilt_sma_de[21]_minRangeRel numeric
@attribute audSpec_Rfilt_sma_de[21]_meanRisingSlope numeric
@attribute audSpec_Rfilt_sma_de[21]_stddevRisingSlope numeric
@attribute audSpec_Rfilt_sma_de[21]_meanFallingSlope numeric
@attribute audSpec_Rfilt_sma_de[21]_stddevFallingSlope numeric
@attribute audSpec_Rfilt_sma_de[22]_flatness numeric
@attribute audSpec_Rfilt_sma_de[22]_posamean numeric
@attribute audSpec_Rfilt_sma_de[22]_rqmean numeric
@attribute audSpec_Rfilt_sma_de[22]_meanPeakDist numeric
@attribute audSpec_Rfilt_sma_de[22]_peakDistStddev numeric
@attribute audSpec_Rfilt_sma_de[22]_peakRangeAbs numeric
@attribute audSpec_Rfilt_sma_de[22]_peakRangeRel numeric
@attribute audSpec_Rfilt_sma_de[22]_peakMeanAbs numeric
@attribute audSpec_Rfilt_sma_de[22]_peakMeanMeanDist numeric
@attribute audSpec_Rfilt_sma_de[22]_peakMeanRel numeric
@attribute audSpec_Rfilt_sma_de[22]_minRangeRel numeric
@attribute audSpec_Rfilt_sma_de[22]_meanRisingSlope numeric
@attribute audSpec_Rfilt_sma_de[22]_stddevRisingSlope numeric
@attribute audSpec_Rfilt_sma_de[22]_meanFallingSlope numeric
@attribute audSpec_Rfilt_sma_de[22]_stddevFallingSlope numeric
@attribute audSpec_Rfilt_sma_de[23]_flatness numeric
@attribute audSpec_Rfilt_sma_de[23]_posamean numeric
@attribute audSpec_Rfilt_sma_de[23]_rqmean numeric
@attribute audSpec_Rfilt_sma_de[23]_meanPeakDist numeric
@attribute audSpec_Rfilt_sma_de[23]_peakDistStddev numeric
@attribute audSpec_Rfilt_sma_de[23]_peakRangeAbs numeric
@attribute audSpec_Rfilt_sma_de[23]_peakRangeRel numeric
@attribute audSpec_Rfilt_sma_de[23]_peakMeanAbs numeric
@attribute audSpec_Rfilt_sma_de[23]_peakMeanMeanDist numeric
@attribute audSpec_Rfilt_sma_de[23]_peakMeanRel numeric
@attribute audSpec_Rfilt_sma_de[23]_minRangeRel numeric
@attribute audSpec_Rfilt_sma_de[23]_meanRisingSlope numeric
@attribute audSpec_Rfilt_sma_de[23]_stddevRisingSlope numeric
@attribute audSpec_Rfilt_sma_de[23]_meanFallingSlope numeric
@attribute audSpec_Rfilt_sma_de[23]_stddevFallingSlope numeric
@attribute audSpec_Rfilt_sma_de[24]_flatness numeric
@attribute audSpec_Rfilt_sma_de[24]_posamean numeric
@attribute audSpec_Rfilt_sma_de[24]_rqmean numeric
@attribute audSpec_Rfilt_sma_de[24]_meanPeakDist numeric
@attribute audSpec_Rfilt_sma_de[24]_peakDistStddev numeric
@attribute audSpec_Rfilt_sma_de[24]_peakRangeAbs numeric
@attribute audSpec_Rfilt_sma_de[24]_peakRangeRel numeric
@attribute audSpec_Rfilt_sma_de[24]_peakMeanAbs numeric
@attribute audSpec_Rfilt_sma_de[24]_peakMeanMeanDist numeric
@attribute audSpec_Rfilt_sma_de[24]_peakMeanRel numeric
@attribute audSpec_Rfilt_sma_de[24]_minRangeRel numeric
@attribute audSpec_Rfilt_sma_de[24]_meanRisingSlope numeric
@attribute audSpec_Rfilt_sma_de[24]_stddevRisingSlope numeric
@attribute audSpec_Rfilt_sma_de[24]_meanFallingSlope numeric
@attribute audSpec_Rfilt_sma_de[24]_stddevFallingSlope numeric
@attribute audSpec_Rfilt_sma_de[25]_flatness numeric
@attribute audSpec_Rfilt_sma_de[25]_posamean numeric
@attribute audSpec_Rfilt_sma_de[25]_rqmean numeric
@attribute audSpec_Rfilt_sma_de[25]_meanPeakDist numeric
@attribute audSpec_Rfilt_sma_de[25]_peakDistStddev numeric
@attribute audSpec_Rfilt_sma_de[25]_peakRangeAbs numeric
@attribute audSpec_Rfilt_sma_de[25]_peakRangeRel numeric
@attribute audSpec_Rfilt_sma_de[25]_peakMeanAbs numeric
@attribute audSpec_Rfilt_sma_de[25]_peakMeanMeanDist numeric
@attribute audSpec_Rfilt_sma_de[25]_peakMeanRel numeric
@attribute audSpec_Rfilt_sma_de[25]_minRangeRel numeric
@attribute audSpec_Rfilt_sma_de[25]_meanRisingSlope numeric
@attribute audSpec_Rfilt_sma_de[25]_stddevRisingSlope numeric
@attribute audSpec_Rfilt_sma_de[25]_meanFallingSlope numeric
@attribute audSpec_Rfilt_sma_de[25]_stddevFallingSlope numeric
@attribute pcm_fftMag_fband250-650_sma_de_flatness numeric
@attribute pcm_fftMag_fband250-650_sma_de_posamean numeric
@attribute pcm_fftMag_fband250-650_sma_de_rqmean numeric
@attribute pcm_fftMag_fband250-650_sma_de_meanPeakDist numeric
@attribute pcm_fftMag_fband250-650_sma_de_peakDistStddev numeric
@attribute pcm_fftMag_fband250-650_sma_de_peakRangeAbs numeric
@attribute pcm_fftMag_fband250-650_sma_de_peakRangeRel numeric
@attribute pcm_fftMag_fband250-650_sma_de_peakMeanAbs numeric
@attribute pcm_fftMag_fband250-650_sma_de_peakMeanMeanDist numeric
@attribute pcm_fftMag_fband250-650_sma_de_peakMeanRel numeric
@attribute pcm_fftMag_fband250-650_sma_de_minRangeRel numeric
@attribute pcm_fftMag_fband250-650_sma_de_meanRisingSlope numeric
@attribute pcm_fftMag_fband250-650_sma_de_stddevRisingSlope numeric
@attribute pcm_fftMag_fband250-650_sma_de_meanFallingSlope numeric
@attribute pcm_fftMag_fband250-650_sma_de_stddevFallingSlope numeric
@attribute pcm_fftMag_fband1000-4000_sma_de_flatness numeric
@attribute pcm_fftMag_fband1000-4000_sma_de_posamean numeric
@attribute pcm_fftMag_fband1000-4000_sma_de_rqmean numeric
@attribute pcm_fftMag_fband1000-4000_sma_de_meanPeakDist numeric
@attribute pcm_fftMag_fband1000-4000_sma_de_peakDistStddev numeric
@attribute pcm_fftMag_fband1000-4000_sma_de_peakRangeAbs numeric
@attribute pcm_fftMag_fband1000-4000_sma_de_peakRangeRel numeric
@attribute pcm_fftMag_fband1000-4000_sma_de_peakMeanAbs numeric
@attribute pcm_fftMag_fband1000-4000_sma_de_peakMeanMeanDist numeric
@attribute pcm_fftMag_fband1000-4000_sma_de_peakMeanRel numeric
@attribute pcm_fftMag_fband1000-4000_sma_de_minRangeRel numeric
@attribute pcm_fftMag_fband1000-4000_sma_de_meanRisingSlope numeric
@attribute pcm_fftMag_fband1000-4000_sma_de_stddevRisingSlope numeric
@attribute pcm_fftMag_fband1000-4000_sma_de_meanFallingSlope numeric
@attribute pcm_fftMag_fband1000-4000_sma_de_stddevFallingSlope numeric
@attribute pcm_fftMag_spectralRollOff25.0_sma_de_flatness numeric
@attribute pcm_fftMag_spectralRollOff25.0_sma_de_posamean numeric
@attribute pcm_fftMag_spectralRollOff25.0_sma_de_rqmean numeric
@attribute pcm_fftMag_spectralRollOff25.0_sma_de_meanPeakDist numeric
@attribute pcm_fftMag_spectralRollOff25.0_sma_de_peakDistStddev numeric
@attribute pcm_fftMag_spectralRollOff25.0_sma_de_peakRangeAbs numeric
@attribute pcm_fftMag_spectralRollOff25.0_sma_de_peakRangeRel numeric
@attribute pcm_fftMag_spectralRollOff25.0_sma_de_peakMeanAbs numeric
@attribute pcm_fftMag_spectralRollOff25.0_sma_de_peakMeanMeanDist numeric
@attribute pcm_fftMag_spectralRollOff25.0_sma_de_peakMeanRel numeric
@attribute pcm_fftMag_spectralRollOff25.0_sma_de_minRangeRel numeric
@attribute pcm_fftMag_spectralRollOff25.0_sma_de_meanRisingSlope numeric
@attribute pcm_fftMag_spectralRollOff25.0_sma_de_stddevRisingSlope numeric
@attribute pcm_fftMag_spectralRollOff25.0_sma_de_meanFallingSlope numeric
@attribute pcm_fftMag_spectralRollOff25.0_sma_de_stddevFallingSlope numeric
@attribute pcm_fftMag_spectralRollOff50.0_sma_de_flatness numeric
@attribute pcm_fftMag_spectralRollOff50.0_sma_de_posamean numeric
@attribute pcm_fftMag_spectralRollOff50.0_sma_de_rqmean numeric
@attribute pcm_fftMag_spectralRollOff50.0_sma_de_meanPeakDist numeric
@attribute pcm_fftMag_spectralRollOff50.0_sma_de_peakDistStddev numeric
@attribute pcm_fftMag_spectralRollOff50.0_sma_de_peakRangeAbs numeric
@attribute pcm_fftMag_spectralRollOff50.0_sma_de_peakRangeRel numeric
@attribute pcm_fftMag_spectralRollOff50.0_sma_de_peakMeanAbs numeric
@attribute pcm_fftMag_spectralRollOff50.0_sma_de_peakMeanMeanDist numeric
@attribute pcm_fftMag_spectralRollOff50.0_sma_de_peakMeanRel numeric
@attribute pcm_fftMag_spectralRollOff50.0_sma_de_minRangeRel numeric
@attribute pcm_fftMag_spectralRollOff50.0_sma_de_meanRisingSlope numeric
@attribute pcm_fftMag_spectralRollOff50.0_sma_de_stddevRisingSlope numeric
@attribute pcm_fftMag_spectralRollOff50.0_sma_de_meanFallingSlope numeric
@attribute pcm_fftMag_spectralRollOff50.0_sma_de_stddevFallingSlope numeric
@attribute pcm_fftMag_spectralRollOff75.0_sma_de_flatness numeric
@attribute pcm_fftMag_spectralRollOff75.0_sma_de_posamean numeric
@attribute pcm_fftMag_spectralRollOff75.0_sma_de_rqmean numeric
@attribute pcm_fftMag_spectralRollOff75.0_sma_de_meanPeakDist numeric
@attribute pcm_fftMag_spectralRollOff75.0_sma_de_peakDistStddev numeric
@attribute pcm_fftMag_spectralRollOff75.0_sma_de_peakRangeAbs numeric
@attribute pcm_fftMag_spectralRollOff75.0_sma_de_peakRangeRel numeric
@attribute pcm_fftMag_spectralRollOff75.0_sma_de_peakMeanAbs numeric
@attribute pcm_fftMag_spectralRollOff75.0_sma_de_peakMeanMeanDist numeric
@attribute pcm_fftMag_spectralRollOff75.0_sma_de_peakMeanRel numeric
@attribute pcm_fftMag_spectralRollOff75.0_sma_de_minRangeRel numeric
@attribute pcm_fftMag_spectralRollOff75.0_sma_de_meanRisingSlope numeric
@attribute pcm_fftMag_spectralRollOff75.0_sma_de_stddevRisingSlope numeric
@attribute pcm_fftMag_spectralRollOff75.0_sma_de_meanFallingSlope numeric
@attribute pcm_fftMag_spectralRollOff75.0_sma_de_stddevFallingSlope numeric
@attribute pcm_fftMag_spectralRollOff90.0_sma_de_flatness numeric
@attribute pcm_fftMag_spectralRollOff90.0_sma_de_posamean numeric
@attribute pcm_fftMag_spectralRollOff90.0_sma_de_rqmean numeric
@attribute pcm_fftMag_spectralRollOff90.0_sma_de_meanPeakDist numeric
@attribute pcm_fftMag_spectralRollOff90.0_sma_de_peakDistStddev numeric
@attribute pcm_fftMag_spectralRollOff90.0_sma_de_peakRangeAbs numeric
@attribute pcm_fftMag_spectralRollOff90.0_sma_de_peakRangeRel numeric
@attribute pcm_fftMag_spectralRollOff90.0_sma_de_peakMeanAbs numeric
@attribute pcm_fftMag_spectralRollOff90.0_sma_de_peakMeanMeanDist numeric
@attribute pcm_fftMag_spectralRollOff90.0_sma_de_peakMeanRel numeric
@attribute pcm_fftMag_spectralRollOff90.0_sma_de_minRangeRel numeric
@attribute pcm_fftMag_spectralRollOff90.0_sma_de_meanRisingSlope numeric
@attribute pcm_fftMag_spectralRollOff90.0_sma_de_stddevRisingSlope numeric
@attribute pcm_fftMag_spectralRollOff90.0_sma_de_meanFallingSlope numeric
@attribute pcm_fftMag_spectralRollOff90.0_sma_de_stddevFallingSlope numeric
@attribute pcm_fftMag_spectralFlux_sma_de_flatness numeric
@attribute pcm_fftMag_spectralFlux_sma_de_posamean numeric
@attribute pcm_fftMag_spectralFlux_sma_de_rqmean numeric
@attribute pcm_fftMag_spectralFlux_sma_de_meanPeakDist numeric
@attribute pcm_fftMag_spectralFlux_sma_de_peakDistStddev numeric
@attribute pcm_fftMag_spectralFlux_sma_de_peakRangeAbs numeric
@attribute pcm_fftMag_spectralFlux_sma_de_peakRangeRel numeric
@attribute pcm_fftMag_spectralFlux_sma_de_peakMeanAbs numeric
@attribute pcm_fftMag_spectralFlux_sma_de_peakMeanMeanDist numeric
@attribute pcm_fftMag_spectralFlux_sma_de_peakMeanRel numeric
@attribute pcm_fftMag_spectralFlux_sma_de_minRangeRel numeric
@attribute pcm_fftMag_spectralFlux_sma_de_meanRisingSlope numeric
@attribute pcm_fftMag_spectralFlux_sma_de_stddevRisingSlope numeric
@attribute pcm_fftMag_spectralFlux_sma_de_meanFallingSlope numeric
@attribute pcm_fftMag_spectralFlux_sma_de_stddevFallingSlope numeric
@attribute pcm_fftMag_spectralCentroid_sma_de_flatness numeric
@attribute pcm_fftMag_spectralCentroid_sma_de_posamean numeric
@attribute pcm_fftMag_spectralCentroid_sma_de_rqmean numeric
@attribute pcm_fftMag_spectralCentroid_sma_de_meanPeakDist numeric
@attribute pcm_fftMag_spectralCentroid_sma_de_peakDistStddev numeric
@attribute pcm_fftMag_spectralCentroid_sma_de_peakRangeAbs numeric
@attribute pcm_fftMag_spectralCentroid_sma_de_peakRangeRel numeric
@attribute pcm_fftMag_spectralCentroid_sma_de_peakMeanAbs numeric
@attribute pcm_fftMag_spectralCentroid_sma_de_peakMeanMeanDist numeric
@attribute pcm_fftMag_spectralCentroid_sma_de_peakMeanRel numeric
@attribute pcm_fftMag_spectralCentroid_sma_de_minRangeRel numeric
@attribute pcm_fftMag_spectralCentroid_sma_de_meanRisingSlope numeric
@attribute pcm_fftMag_spectralCentroid_sma_de_stddevRisingSlope numeric
@attribute pcm_fftMag_spectralCentroid_sma_de_meanFallingSlope numeric
@attribute pcm_fftMag_spectralCentroid_sma_de_stddevFallingSlope numeric
@attribute pcm_fftMag_spectralEntropy_sma_de_flatness numeric
@attribute pcm_fftMag_spectralEntropy_sma_de_posamean numeric
@attribute pcm_fftMag_spectralEntropy_sma_de_rqmean numeric
@attribute pcm_fftMag_spectralEntropy_sma_de_meanPeakDist numeric
@attribute pcm_fftMag_spectralEntropy_sma_de_peakDistStddev numeric
@attribute pcm_fftMag_spectralEntropy_sma_de_peakRangeAbs numeric
@attribute pcm_fftMag_spectralEntropy_sma_de_peakRangeRel numeric
@attribute pcm_fftMag_spectralEntropy_sma_de_peakMeanAbs numeric
@attribute pcm_fftMag_spectralEntropy_sma_de_peakMeanMeanDist numeric
@attribute pcm_fftMag_spectralEntropy_sma_de_peakMeanRel numeric
@attribute pcm_fftMag_spectralEntropy_sma_de_minRangeRel numeric
@attribute pcm_fftMag_spectralEntropy_sma_de_meanRisingSlope numeric
@attribute pcm_fftMag_spectralEntropy_sma_de_stddevRisingSlope numeric
@attribute pcm_fftMag_spectralEntropy_sma_de_meanFallingSlope numeric
@attribute pcm_fftMag_spectralEntropy_sma_de_stddevFallingSlope numeric
@attribute pcm_fftMag_spectralVariance_sma_de_flatness numeric
@attribute pcm_fftMag_spectralVariance_sma_de_posamean numeric
@attribute pcm_fftMag_spectralVariance_sma_de_rqmean numeric
@attribute pcm_fftMag_spectralVariance_sma_de_meanPeakDist numeric
@attribute pcm_fftMag_spectralVariance_sma_de_peakDistStddev numeric
@attribute pcm_fftMag_spectralVariance_sma_de_peakRangeAbs numeric
@attribute pcm_fftMag_spectralVariance_sma_de_peakRangeRel numeric
@attribute pcm_fftMag_spectralVariance_sma_de_peakMeanAbs numeric
@attribute pcm_fftMag_spectralVariance_sma_de_peakMeanMeanDist numeric
@attribute pcm_fftMag_spectralVariance_sma_de_peakMeanRel numeric
@attribute pcm_fftMag_spectralVariance_sma_de_minRangeRel numeric
@attribute pcm_fftMag_spectralVariance_sma_de_meanRisingSlope numeric
@attribute pcm_fftMag_spectralVariance_sma_de_stddevRisingSlope numeric
@attribute pcm_fftMag_spectralVariance_sma_de_meanFallingSlope numeric
@attribute pcm_fftMag_spectralVariance_sma_de_stddevFallingSlope numeric
@attribute pcm_fftMag_spectralSkewness_sma_de_flatness numeric
@attribute pcm_fftMag_spectralSkewness_sma_de_posamean numeric
@attribute pcm_fftMag_spectralSkewness_sma_de_rqmean numeric
@attribute pcm_fftMag_spectralSkewness_sma_de_meanPeakDist numeric
@attribute pcm_fftMag_spectralSkewness_sma_de_peakDistStddev numeric
@attribute pcm_fftMag_spectralSkewness_sma_de_peakRangeAbs numeric
@attribute pcm_fftMag_spectralSkewness_sma_de_peakRangeRel numeric
@attribute pcm_fftMag_spectralSkewness_sma_de_peakMeanAbs numeric
@attribute pcm_fftMag_spectralSkewness_sma_de_peakMeanMeanDist numeric
@attribute pcm_fftMag_spectralSkewness_sma_de_peakMeanRel numeric
@attribute pcm_fftMag_spectralSkewness_sma_de_minRangeRel numeric
@attribute pcm_fftMag_spectralSkewness_sma_de_meanRisingSlope numeric
@attribute pcm_fftMag_spectralSkewness_sma_de_stddevRisingSlope numeric
@attribute pcm_fftMag_spectralSkewness_sma_de_meanFallingSlope numeric
@attribute pcm_fftMag_spectralSkewness_sma_de_stddevFallingSlope numeric
@attribute pcm_fftMag_spectralKurtosis_sma_de_flatness numeric
@attribute pcm_fftMag_spectralKurtosis_sma_de_posamean numeric
@attribute pcm_fftMag_spectralKurtosis_sma_de_rqmean numeric
@attribute pcm_fftMag_spectralKurtosis_sma_de_meanPeakDist numeric
@attribute pcm_fftMag_spectralKurtosis_sma_de_peakDistStddev numeric
@attribute pcm_fftMag_spectralKurtosis_sma_de_peakRangeAbs numeric
@attribute pcm_fftMag_spectralKurtosis_sma_de_peakRangeRel numeric
@attribute pcm_fftMag_spectralKurtosis_sma_de_peakMeanAbs numeric
@attribute pcm_fftMag_spectralKurtosis_sma_de_peakMeanMeanDist numeric
@attribute pcm_fftMag_spectralKurtosis_sma_de_peakMeanRel numeric
@attribute pcm_fftMag_spectralKurtosis_sma_de_minRangeRel numeric
@attribute pcm_fftMag_spectralKurtosis_sma_de_meanRisingSlope numeric
@attribute pcm_fftMag_spectralKurtosis_sma_de_stddevRisingSlope numeric
@attribute pcm_fftMag_spectralKurtosis_sma_de_meanFallingSlope numeric
@attribute pcm_fftMag_spectralKurtosis_sma_de_stddevFallingSlope numeric
@attribute pcm_fftMag_spectralSlope_sma_de_flatness numeric
@attribute pcm_fftMag_spectralSlope_sma_de_posamean numeric
@attribute pcm_fftMag_spectralSlope_sma_de_rqmean numeric
@attribute pcm_fftMag_spectralSlope_sma_de_meanPeakDist numeric
@attribute pcm_fftMag_spectralSlope_sma_de_peakDistStddev numeric
@attribute pcm_fftMag_spectralSlope_sma_de_peakRangeAbs numeric
@attribute pcm_fftMag_spectralSlope_sma_de_peakRangeRel numeric
@attribute pcm_fftMag_spectralSlope_sma_de_peakMeanAbs numeric
@attribute pcm_fftMag_spectralSlope_sma_de_peakMeanMeanDist numeric
@attribute pcm_fftMag_spectralSlope_sma_de_peakMeanRel numeric
@attribute pcm_fftMag_spectralSlope_sma_de_minRangeRel numeric
@attribute pcm_fftMag_spectralSlope_sma_de_meanRisingSlope numeric
@attribute pcm_fftMag_spectralSlope_sma_de_stddevRisingSlope numeric
@attribute pcm_fftMag_spectralSlope_sma_de_meanFallingSlope numeric
@attribute pcm_fftMag_spectralSlope_sma_de_stddevFallingSlope numeric
@attribute pcm_fftMag_psySharpness_sma_de_flatness numeric
@attribute pcm_fftMag_psySharpness_sma_de_posamean numeric
@attribute pcm_fftMag_psySharpness_sma_de_rqmean numeric
@attribute pcm_fftMag_psySharpness_sma_de_meanPeakDist numeric
@attribute pcm_fftMag_psySharpness_sma_de_peakDistStddev numeric
@attribute pcm_fftMag_psySharpness_sma_de_peakRangeAbs numeric
@attribute pcm_fftMag_psySharpness_sma_de_peakRangeRel numeric
@attribute pcm_fftMag_psySharpness_sma_de_peakMeanAbs numeric
@attribute pcm_fftMag_psySharpness_sma_de_peakMeanMeanDist numeric
@attribute pcm_fftMag_psySharpness_sma_de_peakMeanRel numeric
@attribute pcm_fftMag_psySharpness_sma_de_minRangeRel numeric
@attribute pcm_fftMag_psySharpness_sma_de_meanRisingSlope numeric
@attribute pcm_fftMag_psySharpness_sma_de_stddevRisingSlope numeric
@attribute pcm_fftMag_psySharpness_sma_de_meanFallingSlope numeric
@attribute pcm_fftMag_psySharpness_sma_de_stddevFallingSlope numeric
@attribute pcm_fftMag_spectralHarmonicity_sma_de_flatness numeric
@attribute pcm_fftMag_spectralHarmonicity_sma_de_posamean numeric
@attribute pcm_fftMag_spectralHarmonicity_sma_de_rqmean numeric
@attribute pcm_fftMag_spectralHarmonicity_sma_de_meanPeakDist numeric
@attribute pcm_fftMag_spectralHarmonicity_sma_de_peakDistStddev numeric
@attribute pcm_fftMag_spectralHarmonicity_sma_de_peakRangeAbs numeric
@attribute pcm_fftMag_spectralHarmonicity_sma_de_peakRangeRel numeric
@attribute pcm_fftMag_spectralHarmonicity_sma_de_peakMeanAbs numeric
@attribute pcm_fftMag_spectralHarmonicity_sma_de_peakMeanMeanDist numeric
@attribute pcm_fftMag_spectralHarmonicity_sma_de_peakMeanRel numeric
@attribute pcm_fftMag_spectralHarmonicity_sma_de_minRangeRel numeric
@attribute pcm_fftMag_spectralHarmonicity_sma_de_meanRisingSlope numeric
@attribute pcm_fftMag_spectralHarmonicity_sma_de_stddevRisingSlope numeric
@attribute pcm_fftMag_spectralHarmonicity_sma_de_meanFallingSlope numeric
@attribute pcm_fftMag_spectralHarmonicity_sma_de_stddevFallingSlope numeric
@attribute mfcc_sma_de[1]_flatness numeric
@attribute mfcc_sma_de[1]_posamean numeric
@attribute mfcc_sma_de[1]_rqmean numeric
@attribute mfcc_sma_de[1]_meanPeakDist numeric
@attribute mfcc_sma_de[1]_peakDistStddev numeric
@attribute mfcc_sma_de[1]_peakRangeAbs numeric
@attribute mfcc_sma_de[1]_peakRangeRel numeric
@attribute mfcc_sma_de[1]_peakMeanAbs numeric
@attribute mfcc_sma_de[1]_peakMeanMeanDist numeric
@attribute mfcc_sma_de[1]_peakMeanRel numeric
@attribute mfcc_sma_de[1]_minRangeRel numeric
@attribute mfcc_sma_de[1]_meanRisingSlope numeric
@attribute mfcc_sma_de[1]_stddevRisingSlope numeric
@attribute mfcc_sma_de[1]_meanFallingSlope numeric
@attribute mfcc_sma_de[1]_stddevFallingSlope numeric
@attribute mfcc_sma_de[2]_flatness numeric
@attribute mfcc_sma_de[2]_posamean numeric
@attribute mfcc_sma_de[2]_rqmean numeric
@attribute mfcc_sma_de[2]_meanPeakDist numeric
@attribute mfcc_sma_de[2]_peakDistStddev numeric
@attribute mfcc_sma_de[2]_peakRangeAbs numeric
@attribute mfcc_sma_de[2]_peakRangeRel numeric
@attribute mfcc_sma_de[2]_peakMeanAbs numeric
@attribute mfcc_sma_de[2]_peakMeanMeanDist numeric
@attribute mfcc_sma_de[2]_peakMeanRel numeric
@attribute mfcc_sma_de[2]_minRangeRel numeric
@attribute mfcc_sma_de[2]_meanRisingSlope numeric
@attribute mfcc_sma_de[2]_stddevRisingSlope numeric
@attribute mfcc_sma_de[2]_meanFallingSlope numeric
@attribute mfcc_sma_de[2]_stddevFallingSlope numeric
@attribute mfcc_sma_de[3]_flatness numeric
@attribute mfcc_sma_de[3]_posamean numeric
@attribute mfcc_sma_de[3]_rqmean numeric
@attribute mfcc_sma_de[3]_meanPeakDist numeric
@attribute mfcc_sma_de[3]_peakDistStddev numeric
@attribute mfcc_sma_de[3]_peakRangeAbs numeric
@attribute mfcc_sma_de[3]_peakRangeRel numeric
@attribute mfcc_sma_de[3]_peakMeanAbs numeric
@attribute mfcc_sma_de[3]_peakMeanMeanDist numeric
@attribute mfcc_sma_de[3]_peakMeanRel numeric
@attribute mfcc_sma_de[3]_minRangeRel numeric
@attribute mfcc_sma_de[3]_meanRisingSlope numeric
@attribute mfcc_sma_de[3]_stddevRisingSlope numeric
@attribute mfcc_sma_de[3]_meanFallingSlope numeric
@attribute mfcc_sma_de[3]_stddevFallingSlope numeric
@attribute mfcc_sma_de[4]_flatness numeric
@attribute mfcc_sma_de[4]_posamean numeric
@attribute mfcc_sma_de[4]_rqmean numeric
@attribute mfcc_sma_de[4]_meanPeakDist numeric
@attribute mfcc_sma_de[4]_peakDistStddev numeric
@attribute mfcc_sma_de[4]_peakRangeAbs numeric
@attribute mfcc_sma_de[4]_peakRangeRel numeric
@attribute mfcc_sma_de[4]_peakMeanAbs numeric
@attribute mfcc_sma_de[4]_peakMeanMeanDist numeric
@attribute mfcc_sma_de[4]_peakMeanRel numeric
@attribute mfcc_sma_de[4]_minRangeRel numeric
@attribute mfcc_sma_de[4]_meanRisingSlope numeric
@attribute mfcc_sma_de[4]_stddevRisingSlope numeric
@attribute mfcc_sma_de[4]_meanFallingSlope numeric
@attribute mfcc_sma_de[4]_stddevFallingSlope numeric
@attribute mfcc_sma_de[5]_flatness numeric
@attribute mfcc_sma_de[5]_posamean numeric
@attribute mfcc_sma_de[5]_rqmean numeric
@attribute mfcc_sma_de[5]_meanPeakDist numeric
@attribute mfcc_sma_de[5]_peakDistStddev numeric
@attribute mfcc_sma_de[5]_peakRangeAbs numeric
@attribute mfcc_sma_de[5]_peakRangeRel numeric
@attribute mfcc_sma_de[5]_peakMeanAbs numeric
@attribute mfcc_sma_de[5]_peakMeanMeanDist numeric
@attribute mfcc_sma_de[5]_peakMeanRel numeric
@attribute mfcc_sma_de[5]_minRangeRel numeric
@attribute mfcc_sma_de[5]_meanRisingSlope numeric
@attribute mfcc_sma_de[5]_stddevRisingSlope numeric
@attribute mfcc_sma_de[5]_meanFallingSlope numeric
@attribute mfcc_sma_de[5]_stddevFallingSlope numeric
@attribute mfcc_sma_de[6]_flatness numeric
@attribute mfcc_sma_de[6]_posamean numeric
@attribute mfcc_sma_de[6]_rqmean numeric
@attribute mfcc_sma_de[6]_meanPeakDist numeric
@attribute mfcc_sma_de[6]_peakDistStddev numeric
@attribute mfcc_sma_de[6]_peakRangeAbs numeric
@attribute mfcc_sma_de[6]_peakRangeRel numeric
@attribute mfcc_sma_de[6]_peakMeanAbs numeric
@attribute mfcc_sma_de[6]_peakMeanMeanDist numeric
@attribute mfcc_sma_de[6]_peakMeanRel numeric
@attribute mfcc_sma_de[6]_minRangeRel numeric
@attribute mfcc_sma_de[6]_meanRisingSlope numeric
@attribute mfcc_sma_de[6]_stddevRisingSlope numeric
@attribute mfcc_sma_de[6]_meanFallingSlope numeric
@attribute mfcc_sma_de[6]_stddevFallingSlope numeric
@attribute mfcc_sma_de[7]_flatness numeric
@attribute mfcc_sma_de[7]_posamean numeric
@attribute mfcc_sma_de[7]_rqmean numeric
@attribute mfcc_sma_de[7]_meanPeakDist numeric
@attribute mfcc_sma_de[7]_peakDistStddev numeric
@attribute mfcc_sma_de[7]_peakRangeAbs numeric
@attribute mfcc_sma_de[7]_peakRangeRel numeric
@attribute mfcc_sma_de[7]_peakMeanAbs numeric
@attribute mfcc_sma_de[7]_peakMeanMeanDist numeric
@attribute mfcc_sma_de[7]_peakMeanRel numeric
@attribute mfcc_sma_de[7]_minRangeRel numeric
@attribute mfcc_sma_de[7]_meanRisingSlope numeric
@attribute mfcc_sma_de[7]_stddevRisingSlope numeric
@attribute mfcc_sma_de[7]_meanFallingSlope numeric
@attribute mfcc_sma_de[7]_stddevFallingSlope numeric
@attribute mfcc_sma_de[8]_flatness numeric
@attribute mfcc_sma_de[8]_posamean numeric
@attribute mfcc_sma_de[8]_rqmean numeric
@attribute mfcc_sma_de[8]_meanPeakDist numeric
@attribute mfcc_sma_de[8]_peakDistStddev numeric
@attribute mfcc_sma_de[8]_peakRangeAbs numeric
@attribute mfcc_sma_de[8]_peakRangeRel numeric
@attribute mfcc_sma_de[8]_peakMeanAbs numeric
@attribute mfcc_sma_de[8]_peakMeanMeanDist numeric
@attribute mfcc_sma_de[8]_peakMeanRel numeric
@attribute mfcc_sma_de[8]_minRangeRel numeric
@attribute mfcc_sma_de[8]_meanRisingSlope numeric
@attribute mfcc_sma_de[8]_stddevRisingSlope numeric
@attribute mfcc_sma_de[8]_meanFallingSlope numeric
@attribute mfcc_sma_de[8]_stddevFallingSlope numeric
@attribute mfcc_sma_de[9]_flatness numeric
@attribute mfcc_sma_de[9]_posamean numeric
@attribute mfcc_sma_de[9]_rqmean numeric
@attribute mfcc_sma_de[9]_meanPeakDist numeric
@attribute mfcc_sma_de[9]_peakDistStddev numeric
@attribute mfcc_sma_de[9]_peakRangeAbs numeric
@attribute mfcc_sma_de[9]_peakRangeRel numeric
@attribute mfcc_sma_de[9]_peakMeanAbs numeric
@attribute mfcc_sma_de[9]_peakMeanMeanDist numeric
@attribute mfcc_sma_de[9]_peakMeanRel numeric
@attribute mfcc_sma_de[9]_minRangeRel numeric
@attribute mfcc_sma_de[9]_meanRisingSlope numeric
@attribute mfcc_sma_de[9]_stddevRisingSlope numeric
@attribute mfcc_sma_de[9]_meanFallingSlope numeric
@attribute mfcc_sma_de[9]_stddevFallingSlope numeric
@attribute mfcc_sma_de[10]_flatness numeric
@attribute mfcc_sma_de[10]_posamean numeric
@attribute mfcc_sma_de[10]_rqmean numeric
@attribute mfcc_sma_de[10]_meanPeakDist numeric
@attribute mfcc_sma_de[10]_peakDistStddev numeric
@attribute mfcc_sma_de[10]_peakRangeAbs numeric
@attribute mfcc_sma_de[10]_peakRangeRel numeric
@attribute mfcc_sma_de[10]_peakMeanAbs numeric
@attribute mfcc_sma_de[10]_peakMeanMeanDist numeric
@attribute mfcc_sma_de[10]_peakMeanRel numeric
@attribute mfcc_sma_de[10]_minRangeRel numeric
@attribute mfcc_sma_de[10]_meanRisingSlope numeric
@attribute mfcc_sma_de[10]_stddevRisingSlope numeric
@attribute mfcc_sma_de[10]_meanFallingSlope numeric
@attribute mfcc_sma_de[10]_stddevFallingSlope numeric
@attribute mfcc_sma_de[11]_flatness numeric
@attribute mfcc_sma_de[11]_posamean numeric
@attribute mfcc_sma_de[11]_rqmean numeric
@attribute mfcc_sma_de[11]_meanPeakDist numeric
@attribute mfcc_sma_de[11]_peakDistStddev numeric
@attribute mfcc_sma_de[11]_peakRangeAbs numeric
@attribute mfcc_sma_de[11]_peakRangeRel numeric
@attribute mfcc_sma_de[11]_peakMeanAbs numeric
@attribute mfcc_sma_de[11]_peakMeanMeanDist numeric
@attribute mfcc_sma_de[11]_peakMeanRel numeric
@attribute mfcc_sma_de[11]_minRangeRel numeric
@attribute mfcc_sma_de[11]_meanRisingSlope numeric
@attribute mfcc_sma_de[11]_stddevRisingSlope numeric
@attribute mfcc_sma_de[11]_meanFallingSlope numeric
@attribute mfcc_sma_de[11]_stddevFallingSlope numeric
@attribute mfcc_sma_de[12]_flatness numeric
@attribute mfcc_sma_de[12]_posamean numeric
@attribute mfcc_sma_de[12]_rqmean numeric
@attribute mfcc_sma_de[12]_meanPeakDist numeric
@attribute mfcc_sma_de[12]_peakDistStddev numeric
@attribute mfcc_sma_de[12]_peakRangeAbs numeric
@attribute mfcc_sma_de[12]_peakRangeRel numeric
@attribute mfcc_sma_de[12]_peakMeanAbs numeric
@attribute mfcc_sma_de[12]_peakMeanMeanDist numeric
@attribute mfcc_sma_de[12]_peakMeanRel numeric
@attribute mfcc_sma_de[12]_minRangeRel numeric
@attribute mfcc_sma_de[12]_meanRisingSlope numeric
@attribute mfcc_sma_de[12]_stddevRisingSlope numeric
@attribute mfcc_sma_de[12]_meanFallingSlope numeric
@attribute mfcc_sma_de[12]_stddevFallingSlope numeric
@attribute mfcc_sma_de[13]_flatness numeric
@attribute mfcc_sma_de[13]_posamean numeric
@attribute mfcc_sma_de[13]_rqmean numeric
@attribute mfcc_sma_de[13]_meanPeakDist numeric
@attribute mfcc_sma_de[13]_peakDistStddev numeric
@attribute mfcc_sma_de[13]_peakRangeAbs numeric
@attribute mfcc_sma_de[13]_peakRangeRel numeric
@attribute mfcc_sma_de[13]_peakMeanAbs numeric
@attribute mfcc_sma_de[13]_peakMeanMeanDist numeric
@attribute mfcc_sma_de[13]_peakMeanRel numeric
@attribute mfcc_sma_de[13]_minRangeRel numeric
@attribute mfcc_sma_de[13]_meanRisingSlope numeric
@attribute mfcc_sma_de[13]_stddevRisingSlope numeric
@attribute mfcc_sma_de[13]_meanFallingSlope numeric
@attribute mfcc_sma_de[13]_stddevFallingSlope numeric
@attribute mfcc_sma_de[14]_flatness numeric
@attribute mfcc_sma_de[14]_posamean numeric
@attribute mfcc_sma_de[14]_rqmean numeric
@attribute mfcc_sma_de[14]_meanPeakDist numeric
@attribute mfcc_sma_de[14]_peakDistStddev numeric
@attribute mfcc_sma_de[14]_peakRangeAbs numeric
@attribute mfcc_sma_de[14]_peakRangeRel numeric
@attribute mfcc_sma_de[14]_peakMeanAbs numeric
@attribute mfcc_sma_de[14]_peakMeanMeanDist numeric
@attribute mfcc_sma_de[14]_peakMeanRel numeric
@attribute mfcc_sma_de[14]_minRangeRel numeric
@attribute mfcc_sma_de[14]_meanRisingSlope numeric
@attribute mfcc_sma_de[14]_stddevRisingSlope numeric
@attribute mfcc_sma_de[14]_meanFallingSlope numeric
@attribute mfcc_sma_de[14]_stddevFallingSlope numeric
@attribute class numeric

@data

unknown,1.884824e+00,8.695652e-01,2.898551e-01,1.929359e-02,2.742524e-01,5.383846e-01,2.549587e-01,2.641322e-01,5.190910e-01,1.252567e-02,1.272218e+00,1.259692e+00,3.077085e-01,1.063451e+00,4.678388e+00,2.345455e-01,1.250000e+00,8.000000e-02,2.600128e-01,3.007246e-01,3.381642e-02,6.038647e-03,2.415459e-03,4.594921e-01,5.484262e-01,1.163574e-03,-2.099653e+00,1.304115e+00,2.923642e-01,-7.561710e-01,2.689168e-01,2.228085e+01,1.038647e-01,1.787440e-01,6.564009e-01,1.056705e+00,1.802233e+00,4.003046e-01,7.455271e-01,1.145832e+00,1.266746e-01,1.082999e+01,1.070332e+01,2.233688e+00,4.910501e+00,3.558107e+01,1.158333e+00,2.230000e+00,8.000000e-02,8.538817e-01,3.864734e-02,9.661836e-03,4.830918e-03,2.415459e-03,4.836759e-01,5.508475e-01,2.371789e-02,-2.623448e+00,2.519098e+00,-7.760592e-01,-3.193601e-01,2.103645e-01,5.178230e-02,8.695652e-01,9.528986e-01,6.445520e-04,7.043649e-03,2.023326e-02,6.399096e-03,1.318961e-02,1.958871e-02,2.113997e-04,3.999980e-02,3.978840e-02,1.112968e-02,7.892873e-01,2.751243e+00,2.837037e-01,1.490000e+00,8.000000e-02,3.064872e-01,3.816425e-01,1.074879e-01,1.086957e-02,4.830918e-03,4.800484e-01,5.278450e-01,6.305850e-07,-2.760596e+00,3.227898e+00,-2.029141e+00,6.631975e-01,-9.516563e-02,4.072917e-01,1.038647e-01,7.729468e-02,9.114583e-03,1.678241e-02,5.700231e-02,7.667826e-03,4.021990e-02,4.788773e-02,1.041667e-03,3.667720e-01,3.657303e-01,7.066613e-02,2.892764e+00,1.185222e+01,5.546154e-01,2.440000e+00,8.000000e-02,6.397069e-01,9.661835e-02,5.555556e-02,1.811594e-02,1.086957e-02,4.824668e-01,4.939467e-01,8.431832e-06,-2.661369e+00,2.475185e+00,-7.813404e-01,-9.129919e-02,6.560837e-02,6.843452e-01,8.671498e-01,8.719807e-01,-1.331462e-02,-1.018480e-04,1.776361e-02,1.321277e-02,1.786546e-02,3.107823e-02,-1.612563e-01,1.335367e-01,2.947930e-01,5.442430e-02,3.657232e-01,1.177487e+01,8.544444e-01,2.140000e+00,9.000000e-02,6.939118e-01,9.613526e-01,9.178744e-02,3.623188e-03,2.415459e-03,5.368803e-01,5.000000e-01,7.530276e-05,-2.430720e+00,2.528313e+00,-1.147474e+00,3.629166e-02,1.408741e-01,7.259579e+00,1.014493e-01,1.074879e-01,-7.488199e-02,-9.356707e-04,3.566668e-02,7.394631e-02,3.660235e-02,1.105487e-01,-9.971209e-01,1.409170e+00,2.406291e+00,4.281665e-01,4.052625e+00,4.989642e+01,1.382000e+00,3.750000e+00,9.000000e-02,1.391595e+00,9.782609e-01,1.570048e-02,4.830918e-03,2.415459e-03,5.356711e-01,5.072639e-01,7.496948e-04,-3.443925e+00,5.407454e+00,-4.765422e+00,2.355641e+00,-5.208603e-01,2.132048e-02,8.659420e-01,8.719807e-01,-2.997520e-04,-2.782314e-06,5.357360e-04,2.969697e-04,5.385183e-04,8.354880e-04,-5.475955e-03,5.035501e-03,1.051146e-02,1.924242e-03,-1.412241e-01,8.326820e+00,1.100000e+00,3.190000e+00,9.000000e-02,1.019313e+00,9.746377e-01,2.439613e-01,4.830918e-03,2.415459e-03,5.296252e-01,5.133172e-01,4.185573e-08,-3.037374e+00,4.308268e+00,-3.462987e+00,1.577733e+00,-3.189777e-01,1.202662e-01,4.565217e-01,4.673913e-01,-2.083334e-03,-1.736097e-05,1.611690e-03,2.065973e-03,1.629051e-03,3.695024e-03,-3.661805e-02,4.824734e-02,8.486539e-02,1.183730e-02,9.011135e-01,1.274639e+01,7.977778e-01,2.790000e+00,9.000000e-02,8.340101e-01,9.770532e-01,3.369565e-01,2.898551e-02,9.661836e-03,5.259976e-01,5.012106e-01,5.400755e-07,-2.955367e+00,3.570329e+00,-2.110331e+00,5.417939e-01,-1.296021e-02,1.263848e+00,3.016827e-01,6.105769e-01,8.919133e-02,1.313682e-01,2.036879e-01,4.217689e-02,7.231967e-02,1.144966e-01,2.402452e-02,1.052730e+00,1.028706e+00,1.679378e-01,3.538574e+00,1.884567e+01,7.755556e-01,2.030000e+00,9.000000e-02,6.658847e-01,7.331730e-02,2.403846e-02,1.322115e-02,6.009615e-03,4.368231e-01,5.518072e-01,2.872800e-04,-2.416710e+00,2.116928e+00,-5.942007e-01,-2.332808e-01,1.392689e-01,6.951167e+00,8.221154e-01,6.959134e-01,1.602017e-01,2.829818e-01,5.334663e-01,1.227801e-01,2.504845e-01,3.732646e-01,2.966234e-02,4.259601e+00,4.229939e+00,7.285572e-01,5.306397e+00,3.718707e+01,1.158333e+00,2.520000e+00,8.000000e-02,1.078369e+00,3.004808e-02,1.682692e-02,6.009615e-03,3.605769e-03,4.669074e-01,5.614458e-01,4.706989e-03,-2.843808e+00,3.539694e+00,-2.471769e+00,9.675670e-01,-1.734668e-01,1.247865e+01,3.004808e-01,6.947116e-01,2.247494e-01,4.363103e-01,8.287951e-01,2.115609e-01,3.924848e-01,6.040457e-01,3.971753e-02,7.915833e+00,7.876115e+00,1.325501e+00,5.568922e+00,4.015298e+01,1.158333e+00,2.520000e+00,8.000000e-02,1.081456e+00,3.004808e-02,1.562500e-02,8.413462e-03,4.807692e-03,4.813478e-01,5.795181e-01,1.764753e-02,-2.752400e+00,3.266546e+00,-2.133303e+00,7.534134e-01,-1.116788e-01,1.630839e+01,8.233173e-01,9.471154e-01,2.982503e-01,5.548244e-01,1.061478e+00,2.565740e-01,5.066539e-01,7.632279e-01,5.271052e-02,9.453095e+00,9.400385e+00,1.694792e+00,5.220723e+00,3.722491e+01,9.928571e-01,2.090000e+00,8.000000e-02,8.556320e-01,3.966346e-02,1.201923e-02,6.009615e-03,3.605769e-03,4.897714e-01,5.879518e-01,3.115994e-02,-2.774388e+00,3.366679e+00,-2.286725e+00,8.646694e-01,-1.481152e-01,1.350950e+01,8.233173e-01,5.180289e-01,3.581713e-01,6.663955e-01,1.273361e+00,3.082243e-01,6.069651e-01,9.151893e-01,6.162930e-02,9.419494e+00,9.357864e+00,1.787905e+00,3.679698e+00,1.895308e+01,7.230000e-01,2.040000e+00,9.999999e-02,7.582090e-01,6.971154e-02,2.884615e-02,8.413462e-03,6.009615e-03,5.030084e-01,5.867470e-01,2.440584e-02,-2.792038e+00,3.295670e+00,-2.068578e+00,6.629782e-01,-8.224422e-02,1.020077e+01,5.697116e-01,4.278846e-01,4.086997e-01,7.530130e-01,1.540804e+00,3.443133e-01,7.877913e-01,1.132105e+00,8.297651e-02,8.750451e+00,8.667475e+00,1.680878e+00,2.817651e+00,1.161586e+01,4.518750e-01,1.850000e+00,8.000000e-02,5.247644e-01,1.237981e-01,5.048077e-02,2.043269e-02,6.009615e-03,5.114320e-01,5.903614e-01,2.129466e-02,-2.738112e+00,3.135190e+00,-1.841216e+00,4.647400e-01,-7.227181e-03,1.030889e+01,5.709134e-01,4.278846e-01,5.082993e-01,8.244902e-01,1.457743e+00,3.161909e-01,6.332532e-01,9.494441e-01,1.000995e-01,7.666422e+00,7.566323e+00,1.465401e+00,2.765547e+00,1.232337e+01,5.561538e-01,1.890000e+00,8.000000e-02,5.745036e-01,1.201923e-01,3.245192e-02,9.615385e-03,4.807692e-03,5.282792e-01,5.843374e-01,1.737751e-02,-2.528942e+00,2.408826e+00,-8.137987e-01,-2.372392e-01,1.827965e-01,1.221260e+01,8.293269e-01,4.278846e-01,5.390505e-01,8.884287e-01,1.573724e+00,3.493782e-01,6.852951e-01,1.034673e+00,1.021658e-01,9.304255e+00,9.202088e+00,1.817507e+00,2.828527e+00,1.199634e+01,5.106667e-01,1.920000e+00,8.000000e-02,5.347456e-01,1.165865e-01,3.725962e-02,1.081731e-02,2.403846e-03,4.969916e-01,5.771084e-01,2.337436e-02,-2.503109e+00,2.326014e+00,-7.024828e-01,-3.395646e-01,2.315823e-01,1.298384e+01,5.709134e-01,4.278846e-01,5.619642e-01,9.706904e-01,1.804484e+00,4.087262e-01,8.337940e-01,1.242520e+00,1.143153e-01,1.132823e+01,1.121391e+01,2.100172e+00,3.023718e+00,1.312717e+01,4.781250e-01,1.850000e+00,8.000000e-02,5.225205e-01,1.165865e-01,4.086538e-02,1.923077e-02,8.413462e-03,5.042118e-01,5.638554e-01,3.092930e-02,-2.537502e+00,2.461959e+00,-9.033878e-01,-2.159643e-01,2.086552e-01,1.648352e+01,8.233173e-01,4.278846e-01,5.990585e-01,1.044917e+00,1.856106e+00,4.458584e-01,8.111895e-01,1.257048e+00,1.133750e-01,1.205482e+01,1.194144e+01,2.171285e+00,3.274945e+00,1.574242e+01,7.844444e-01,2.020000e+00,9.000000e-02,7.960892e-01,8.293270e-02,2.884615e-02,7.211538e-03,2.403846e-03,5.415162e-01,5.746988e-01,3.777166e-02,-2.546313e+00,2.539421e+00,-1.076780e+00,-5.225238e-02,1.507578e-01,1.658927e+01,8.233173e-01,4.278846e-01,6.253941e-01,1.099915e+00,1.917660e+00,4.745208e-01,8.177450e-01,1.292266e+00,1.340187e-01,1.285868e+01,1.272466e+01,2.242528e+00,3.367617e+00,1.694406e+01,7.070000e-01,1.500000e+00,8.000000e-02,4.948545e-01,8.894230e-02,2.644231e-02,1.081731e-02,4.807692e-03,5.006017e-01,5.674699e-01,3.687365e-02,-2.597864e+00,2.584993e+00,-1.000360e+00,-1.393772e-01,1.663898e-01,2.044542e+01,5.709134e-01,9.350961e-01,7.280124e-01,1.166667e+00,2.011893e+00,4.386544e-01,8.452264e-01,1.283881e+00,1.243696e-01,1.084717e+01,1.072280e+01,2.142007e+00,3.856462e+00,2.426216e+01,8.066666e-01,2.150000e+00,8.000000e-02,8.272847e-01,6.009615e-02,1.081731e-02,3.605769e-03,2.403846e-03,4.957882e-01,5.554217e-01,3.246978e-02,-2.604667e+00,2.527683e+00,-8.465731e-01,-2.526119e-01,1.892668e-01,1.244267e+01,1.045673e-01,9.350961e-01,7.449785e-01,1.277516e+00,2.153898e+00,5.325377e-01,8.763822e-01,1.408920e+00,1.144535e-01,9.882284e+00,9.767831e+00,1.870560e+00,2.695097e+00,1.196707e+01,3.652381e-01,1.220000e+00,8.000000e-02,2.940459e-01,1.370192e-01,3.966346e-02,1.201923e-02,6.009615e-03,5.006017e-01,5.771084e-01,2.782076e-02,-2.448097e+00,2.134764e+00,-5.050756e-01,-3.467985e-01,1.750207e-01,1.464934e+01,1.033654e-01,9.435096e-01,7.259238e-01,1.392288e+00,2.426160e+00,6.663638e-01,1.033872e+00,1.700236e+00,1.120027e-01,1.217885e+01,1.206685e+01,2.204799e+00,2.868661e+00,1.325776e+01,3.438095e-01,1.490000e+00,8.000000e-02,3.498909e-01,1.394231e-01,3.365385e-02,1.682692e-02,7.211538e-03,5.174488e-01,5.939759e-01,3.616790e-02,-2.501639e+00,2.266506e+00,-6.103286e-01,-3.258823e-01,1.817116e-01,1.936788e+01,8.233173e-01,9.447116e-01,7.717271e-01,1.378355e+00,2.406046e+00,6.066276e-01,1.027691e+00,1.634319e+00,1.104983e-01,1.352154e+01,1.341104e+01,2.493075e+00,3.450876e+00,1.830023e+01,6.025000e-01,1.910000e+00,9.000000e-02,5.693728e-01,7.812500e-02,2.644231e-02,9.615385e-03,4.807692e-03,5.162455e-01,5.746988e-01,5.480824e-02,-2.652891e+00,2.863245e+00,-1.503759e+00,2.862782e-01,2.057706e-02,2.493559e+01,8.233173e-01,4.266827e-01,8.303952e-01,1.459291e+00,2.378645e+00,6.288953e-01,9.193547e-01,1.548250e+00,1.274642e-01,1.604499e+01,1.591753e+01,2.874213e+00,3.872536e+00,2.152011e+01,8.687500e-01,2.050000e+00,9.000000e-02,8.102691e-01,5.649038e-02,2.644231e-02,4.807692e-03,2.403846e-03,5.030084e-01,5.807229e-01,6.902646e-02,-2.673567e+00,2.931661e+00,-1.596027e+00,3.433072e-01,8.901094e-03,2.638213e+01,8.233173e-01,4.278846e-01,8.502228e-01,1.498430e+00,2.370320e+00,6.482069e-01,8.718898e-01,1.520097e+00,1.497440e-01,1.741663e+01,1.726688e+01,3.170433e+00,3.942679e+00,2.105097e+01,8.925000e-01,2.170000e+00,9.000000e-02,8.270392e-01,5.649038e-02,2.884615e-02,4.807692e-03,2.403846e-03,4.909747e-01,5.614458e-01,6.804428e-02,-2.676224e+00,2.905888e+00,-1.537508e+00,2.942027e-01,2.651161e-02,2.809644e+01,1.033654e-01,1.778846e-01,8.975246e-01,1.512523e+00,2.325158e+00,6.149985e-01,8.126346e-01,1.427633e+00,1.560513e-01,1.795097e+01,1.779491e+01,3.105213e+00,4.737657e+00,3.126669e+01,8.912500e-01,3.670000e+00,8.000000e-02,1.231041e+00,4.567308e-02,1.682692e-02,7.211538e-03,3.605769e-03,4.945848e-01,5.457832e-01,5.404018e-02,-2.505049e+00,2.290983e+00,-6.876504e-01,-2.606552e-01,1.731985e-01,3.697709e+01,1.033654e-01,1.766827e-01,9.007744e-01,1.475168e+00,2.392814e+00,5.743939e-01,9.176459e-01,1.492040e+00,1.854157e-01,2.157825e+01,2.139284e+01,3.667965e+00,5.699384e+00,4.261119e+01,1.722500e+00,3.740000e+00,1.800000e-01,1.352671e+00,2.764423e-02,1.682692e-02,6.009615e-03,3.605769e-03,5.102286e-01,5.614458e-01,5.478460e-02,-2.624182e+00,2.503535e+00,-7.528520e-01,-3.221466e-01,2.061112e-01,6.340764e+01,1.033654e-01,1.778846e-01,8.659538e-01,1.378301e+00,2.104410e+00,5.123469e-01,7.261090e-01,1.238456e+00,2.138498e-01,2.588144e+01,2.566759e+01,5.400805e+00,7.571935e+00,7.144695e+01,5.100000e-01,8.700000e-01,1.500000e-01,3.600000e-01,1.802885e-02,8.413462e-03,4.807692e-03,3.605769e-03,5.078219e-01,5.626506e-01,1.243028e-01,-2.691910e+00,2.672201e+00,-8.844910e-01,-2.951040e-01,2.141091e-01,6.230546e+01,1.033654e-01,1.778846e-01,8.210879e-01,1.313508e+00,1.923009e+00,4.924204e-01,6.095009e-01,1.101921e+00,1.804993e-01,2.445439e+01,2.427389e+01,5.206550e+00,7.704384e+00,7.457845e+01,5.000000e-01,8.700000e-01,1.300000e-01,3.700000e-01,1.562500e-02,8.413462e-03,4.807692e-03,3.605769e-03,4.969916e-01,5.771084e-01,1.365310e-01,-2.676913e+00,2.681995e+00,-9.579338e-01,-2.265874e-01,1.966768e-01,5.558401e+01,1.045673e-01,1.778846e-01,7.395357e-01,1.175992e+00,1.957492e+00,4.364563e-01,7.815000e-01,1.217956e+00,1.758219e-01,2.474149e+01,2.456567e+01,4.872529e+00,7.194793e+00,6.532285e+01,2.370000e+00,6.100000e+00,1.400000e-01,2.654292e+00,2.283654e-02,9.615385e-03,4.807692e-03,2.403846e-03,5.270758e-01,5.759036e-01,7.660784e-02,-2.848265e+00,3.142712e+00,-1.447086e+00,1.173306e-02,1.554776e-01,5.098225e+01,1.045673e-01,1.766827e-01,6.128778e-01,1.039793e+00,1.676725e+00,4.269156e-01,6.369317e-01,1.063847e+00,1.311042e-01,2.370037e+01,2.356927e+01,4.420599e+00,7.436706e+00,6.864839e+01,2.376667e+00,6.120000e+00,1.400000e-01,2.663661e+00,2.043269e-02,9.615385e-03,6.009615e-03,3.605769e-03,5.102286e-01,5.614458e-01,5.567653e-02,-2.892836e+00,3.277041e+00,-1.633359e+00,1.541243e-01,1.083175e-01,5.023264e+01,1.045673e-01,1.766827e-01,5.009085e-01,8.782737e-01,1.498173e+00,3.773652e-01,6.198994e-01,9.972646e-01,1.057342e-01,2.032247e+01,2.021673e+01,4.097443e+00,8.064896e+00,8.010242e+01,5.000000e-01,8.700000e-01,1.300000e-01,3.700000e-01,1.562500e-02,7.211538e-03,4.807692e-03,3.605769e-03,5.030084e-01,5.698795e-01,4.427462e-02,-3.006094e+00,3.636210e+00,-2.066661e+00,3.898183e-01,6.048748e-02,3.673121e+01,1.045673e-01,1.766827e-01,4.116556e-01,7.098832e-01,1.204479e+00,2.982276e-01,4.945953e-01,7.928229e-01,8.106317e-02,1.412725e+01,1.404619e+01,2.991186e+00,7.852488e+00,7.781647e+01,5.000000e-01,8.700000e-01,1.300000e-01,3.700000e-01,1.442308e-02,7.211538e-03,4.807692e-03,2.403846e-03,5.198556e-01,5.638554e-01,2.836015e-02,-3.082240e+00,4.021626e+00,-2.770754e+00,9.704849e-01,-1.262361e-01,2.966819e+01,1.045673e-01,1.766827e-01,3.558324e-01,5.600959e-01,8.190998e-01,2.042635e-01,2.590039e-01,4.632674e-01,8.877502e-02,1.090586e+01,1.081709e+01,2.478470e+00,7.621591e+00,7.340887e+01,4.950000e-01,8.800000e-01,1.100000e-01,3.850000e-01,1.322115e-02,7.211538e-03,4.807692e-03,3.605769e-03,5.054151e-01,5.554217e-01,1.938836e-02,-3.017330e+00,3.767763e+00,-2.402293e+00,7.359129e-01,-7.074723e-02,8.407685e-01,8.641827e-01,9.819711e-01,3.967906e-07,5.107154e-04,2.541344e-02,5.103186e-04,2.490273e-02,2.541305e-02,3.680783e-08,3.069292e-01,3.069291e-01,7.277582e-02,7.199109e+00,6.804794e+01,3.605000e+00,5.650000e+00,1.560000e+00,2.045000e+00,1.322115e-02,9.615385e-03,4.807692e-03,3.605769e-03,4.921781e-01,5.951807e-01,4.110528e-04,-1.683532e+00,6.997216e-01,6.595538e-01,-9.209354e-01,3.426282e-01,2.008090e-01,9.170673e-01,5.168269e-02,1.414479e-07,7.530657e-04,4.708856e-03,7.529243e-04,3.955791e-03,4.708715e-03,2.637384e-08,7.474823e-02,7.474820e-02,1.851404e-02,6.266724e+00,5.225139e+01,1.542000e+00,6.240000e+00,8.000000e-02,2.371399e+00,2.403846e-02,9.615385e-03,6.009615e-03,2.403846e-03,4.969916e-01,6.000000e-01,3.922387e-05,-1.395285e+00,2.741522e-01,6.594170e-01,-6.193495e-01,1.843045e-01,7.796875e+03,4.627404e-01,0.000000e+00,4.687500e+01,1.093750e+02,2.187500e+02,6.250000e+01,1.093750e+02,1.718750e+02,4.687500e+01,6.735000e+03,6.688125e+03,1.259299e+03,3.808340e+00,1.739529e+01,7.180000e-01,2.800000e+00,8.000000e-02,8.318750e-01,6.129808e-02,4.447115e-02,1.562500e-02,7.211538e-03,2.141998e-01,2.144578e-01,4.294561e+04,-1.871205e+00,9.537807e-01,3.980648e-01,-7.564027e-01,3.272819e-01,1.018750e+04,1.057692e-01,0.000000e+00,6.250000e+01,1.562500e+02,4.843750e+02,9.375000e+01,3.281250e+02,4.218750e+02,4.687500e+01,9.238750e+03,9.191875e+03,1.722327e+03,3.494349e+00,1.532130e+01,7.988889e-01,2.870000e+00,8.000000e-02,8.619157e-01,6.730770e-02,5.168269e-02,1.923077e-02,1.081731e-02,2.803851e-01,3.024096e-01,6.585864e+04,-1.934078e+00,1.046637e+00,4.242657e-01,-8.779828e-01,3.821753e-01,1.223438e+04,1.045673e-01,0.000000e+00,7.812500e+01,2.734375e+02,1.140625e+03,1.953125e+02,8.671875e+02,1.062500e+03,4.687500e+01,1.094891e+04,1.090203e+04,2.200193e+03,3.137281e+00,1.279101e+01,6.608334e-01,2.840000e+00,8.000000e-02,7.484478e-01,8.173077e-02,5.889423e-02,2.163462e-02,9.615385e-03,3.273165e-01,3.433735e-01,1.972233e+05,-1.638032e+00,5.764924e-01,5.838999e-01,-8.202829e-01,3.436297e-01,1.410938e+04,1.057692e-01,0.000000e+00,1.562500e+02,4.765625e+02,1.812500e+03,3.203125e+02,1.335938e+03,1.656250e+03,4.687500e+01,1.290094e+04,1.285406e+04,2.690593e+03,2.762331e+00,1.044903e+01,5.286666e-01,2.230000e+00,8.000000e-02,5.676838e-01,9.855770e-02,6.850962e-02,2.524038e-02,1.201923e-02,3.995186e-01,4.180723e-01,3.100342e+05,-1.687883e+00,7.599035e-01,4.099116e-01,-8.179224e-01,3.789345e-01,8.819455e-01,8.653846e-01,6.009615e-03,3.927591e-03,5.586127e-02,1.194421e-01,5.193368e-02,6.358083e-02,1.155145e-01,1.282177e-03,4.992403e-01,4.979581e-01,1.019958e-01,2.750486e+00,1.533348e+01,7.027273e-01,2.670000e+00,9.000000e-02,7.323571e-01,7.211538e-02,1.442308e-02,3.605769e-03,2.403846e-03,4.596871e-01,5.192771e-01,3.722549e-04,-1.702562e+00,5.423503e-01,7.979134e-01,-8.180016e-01,2.036455e-01,9.976208e+03,1.057692e-01,8.894230e-02,1.468642e+02,2.880396e+02,8.877943e+02,1.411754e+02,5.997546e+02,7.409301e+02,5.642290e+01,9.065893e+03,9.009470e+03,1.743444e+03,3.236259e+00,1.348976e+01,6.008333e-01,2.780000e+00,8.000000e-02,7.508935e-01,7.932692e-02,5.528846e-02,2.043269e-02,1.081731e-02,4.873646e-01,5.132530e-01,6.005725e+04,-1.957805e+00,1.120206e+00,3.326132e-01,-8.552217e-01,3.966452e-01,7.328793e+00,1.021635e-01,9.855769e-01,1.404632e+00,2.610196e+00,4.029809e+00,1.205564e+00,1.419613e+00,2.625177e+00,2.371411e-01,7.147601e+00,6.910460e+00,1.788275e+00,4.639050e-01,2.545066e+00,2.817857e-01,8.400000e-01,8.000000e-02,1.721099e-01,6.814904e-01,2.692308e-01,6.610577e-02,2.884615e-02,4.837545e-01,4.927711e-01,9.306245e-02,-1.775384e+00,8.655893e-01,3.675661e-01,-7.575045e-01,3.091944e-01,3.246532e+07,8.593750e-01,3.004808e-01,1.452289e+05,3.789054e+05,1.510143e+06,2.336765e+05,1.131238e+06,1.364914e+06,1.674141e+04,1.617131e+07,1.615457e+07,3.224340e+06,4.147212e+00,2.560206e+01,9.899999e-01,2.810000e+00,8.000000e-02,8.751000e-01,4.807692e-02,9.615385e-03,2.403846e-03,1.201923e-03,4.789410e-01,5.289156e-01,1.219962e+12,-1.499595e+00,5.460107e-01,5.141878e-01,-7.457656e-01,2.742539e-01,8.416903e+01,3.028846e-01,6.057692e-01,5.466997e+00,1.448366e+01,2.944445e+01,9.016666e+00,1.496079e+01,2.397745e+01,2.123064e-01,6.845083e+01,6.823853e+01,1.644221e+01,1.010264e+00,3.452688e+00,2.015000e-01,6.900000e-01,8.000000e-02,1.531592e-01,3.846154e-01,1.093750e-01,1.682692e-02,3.605769e-03,5.054151e-01,5.349398e-01,2.735236e+01,-1.568509e+00,7.015374e-01,2.588672e-01,-5.047947e-01,1.439890e-01,1.254140e+04,3.028846e-01,1.021635e-01,6.748611e+01,4.511727e+02,1.425274e+03,3.836866e+02,9.741017e+02,1.357788e+03,3.452600e+00,7.336071e+03,7.332618e+03,1.490221e+03,2.956030e+00,1.563329e+01,4.577778e-01,1.280000e+00,8.000000e-02,4.270903e-01,7.812500e-02,1.322115e-02,3.605769e-03,2.403846e-03,5.246691e-01,5.578313e-01,3.267979e+05,-1.492974e+00,6.144105e-01,3.309352e-01,-5.524087e-01,1.870724e-01,1.411508e-01,2.836539e-01,8.641827e-01,-1.840708e-02,-1.786228e-03,-9.322950e-06,1.662085e-02,1.776905e-03,1.839776e-02,-7.778749e-02,-1.034604e-06,7.778645e-02,1.738249e-02,-2.839411e+00,1.584453e+01,5.930769e-01,3.360000e+00,9.000000e-02,8.522855e-01,9.951923e-01,9.891827e-01,9.158654e-01,7.043269e-01,5.210590e-01,4.385542e-01,1.322244e-05,-1.773768e+00,7.326414e-01,7.255278e-01,-9.740983e-01,3.289714e-01,7.102258e+00,1.057692e-01,8.894230e-02,1.393372e-01,2.803695e-01,7.346411e-01,1.410323e-01,4.542716e-01,5.953040e-01,4.966448e-02,6.526694e+00,6.477030e+00,1.220310e+00,3.253911e+00,1.381452e+01,6.008333e-01,2.780000e+00,8.000000e-02,7.508935e-01,8.052885e-02,5.408654e-02,2.043269e-02,1.201923e-02,4.909747e-01,5.036145e-01,2.890639e-02,-1.970934e+00,1.138593e+00,3.287622e-01,-8.563672e-01,3.943269e-01,5.441271e-01,6.766827e-01,2.884615e-01,2.411670e-07,1.351716e-03,2.981083e-02,1.351475e-03,2.845912e-02,2.981059e-02,3.304879e-08,1.932441e-01,1.932440e-01,5.345567e-02,4.929351e+00,3.823429e+01,1.915000e+00,5.010000e+00,4.500000e-01,1.836811e+00,2.524038e-02,9.615385e-03,4.807692e-03,3.605769e-03,4.777377e-01,5.602410e-01,1.691865e-04,-1.720564e+00,7.104294e-01,6.638629e-01,-8.956367e-01,3.010207e-01,9.192346e+01,4.447115e-01,8.521634e-01,1.470178e+01,1.964847e+01,3.287568e+01,4.946691e+00,1.322721e+01,1.817390e+01,-3.327967e+01,4.702179e+01,8.030146e+01,1.670705e+01,-1.142214e+00,5.058966e+00,2.903704e-01,1.470000e+00,8.000000e-02,2.977257e-01,9.519231e-01,8.882211e-01,3.521635e-01,8.173077e-02,5.006017e-01,4.975904e-01,5.161279e+00,-1.887401e+00,9.677971e-01,2.334406e-01,-5.141017e-01,2.151892e-01,6.043849e+01,5.817308e-01,2.307692e-01,2.629820e+00,1.313121e+01,1.768073e+01,1.050139e+01,4.549517e+00,1.505091e+01,-2.263698e+01,3.193600e+01,5.457298e+01,1.259741e+01,-7.691628e-01,2.987218e+00,2.129730e-01,1.120000e+00,8.000000e-02,1.920144e-01,8.954327e-01,7.043269e-01,1.478365e-01,2.644231e-02,5.150421e-01,5.108434e-01,6.415486e+00,-1.690688e+00,7.360855e-01,3.904806e-01,-6.122236e-01,2.031014e-01,8.060940e+01,6.682692e-01,8.774039e-01,3.528559e+00,1.235382e+01,1.778434e+01,8.825260e+00,5.430517e+00,1.425578e+01,-1.562588e+01,4.370932e+01,5.933520e+01,1.247818e+01,1.604959e-01,3.527934e+00,3.463636e-01,1.380000e+00,8.000000e-02,3.510963e-01,9.158654e-01,4.591346e-01,4.447115e-02,8.413462e-03,4.789410e-01,4.951807e-01,7.325120e+00,-1.768350e+00,8.069013e-01,3.678262e-01,-5.840225e-01,2.157261e-01,7.276720e+01,6.610577e-01,3.245192e-01,1.042220e+01,1.707760e+01,2.163813e+01,6.655394e+00,4.560532e+00,1.121593e+01,-2.593751e+01,4.002388e+01,6.596139e+01,1.194299e+01,-9.628345e-01,4.985503e+00,2.818518e-01,1.160000e+00,8.000000e-02,2.671667e-01,9.507211e-01,8.052884e-01,1.358173e-01,2.043269e-02,4.921781e-01,5.096385e-01,8.455487e+00,-1.632507e+00,6.213347e-01,4.085792e-01,-5.768318e-01,2.032322e-01,8.444888e+01,3.906250e-01,6.706731e-01,-8.837456e+00,7.377757e+00,1.817650e+01,1.621521e+01,1.079874e+01,2.701396e+01,-3.933900e+01,3.124818e+01,7.058717e+01,1.766056e+01,-6.420116e-01,2.460831e+00,1.975000e-01,6.000000e-01,8.000000e-02,1.349583e-01,9.254808e-01,7.115384e-01,3.197115e-01,2.043269e-02,5.078219e-01,4.927711e-01,1.204983e+01,-1.632309e+00,5.675380e-01,5.382667e-01,-6.881296e-01,2.668753e-01,9.016668e+01,8.329327e-01,7.512019e-01,2.918687e-01,1.270140e+01,1.940127e+01,1.240953e+01,6.699871e+00,1.910941e+01,-3.249612e+01,4.180281e+01,7.429893e+01,1.478120e+01,-5.604067e-01,3.436017e+00,3.660000e-01,1.420000e+00,8.000000e-02,3.639011e-01,9.567308e-01,6.754808e-01,7.331730e-02,1.081731e-02,4.993983e-01,5.096385e-01,1.111759e+01,-1.522051e+00,3.860827e-01,6.275448e-01,-6.980453e-01,2.446716e-01,6.509091e+01,1.586538e-01,6.754808e-01,1.230774e+00,9.628883e+00,1.554171e+01,8.398109e+00,5.912827e+00,1.431094e+01,-1.686184e+01,2.586292e+01,4.272475e+01,9.878862e+00,-6.304228e-01,3.442569e+00,2.272222e-01,8.000000e-01,8.000000e-02,1.703854e-01,9.903846e-01,8.137019e-01,2.992789e-01,2.043269e-02,4.993983e-01,4.903615e-01,9.449065e+00,-1.464641e+00,4.379041e-01,5.037454e-01,-6.188583e-01,1.881487e-01,8.998630e+01,9.855769e-01,8.209134e-01,-2.370124e+01,-1.051208e+01,4.892131e+00,1.318917e+01,1.540421e+01,2.859338e+01,-5.476652e+01,2.225466e+01,7.702118e+01,1.903402e+01,-2.559718e-01,2.393112e+00,2.720689e-01,8.400000e-01,8.000000e-02,1.917862e-01,9.375000e-01,6.706731e-01,2.668269e-01,5.649038e-02,4.669074e-01,4.879518e-01,1.378245e+01,-1.639759e+00,6.356218e-01,4.227720e-01,-5.999298e-01,2.134315e-01,7.180699e+01,5.721154e-01,8.581731e-01,-3.664677e+00,7.131272e+00,1.463868e+01,1.079595e+01,7.507407e+00,1.830336e+01,-2.733076e+01,2.962800e+01,5.695877e+01,1.263106e+01,-3.776217e-01,2.742185e+00,2.216216e-01,7.600000e-01,8.000000e-02,1.860327e-01,9.555289e-01,6.622596e-01,1.394231e-01,1.081731e-02,5.042118e-01,4.807229e-01,1.214163e+01,-1.522526e+00,5.147175e-01,4.572250e-01,-6.191383e-01,2.372589e-01,6.182555e+01,4.459135e-01,8.581731e-01,-6.771740e+00,4.326255e+00,1.140174e+01,1.109800e+01,7.075487e+00,1.817348e+01,-2.873339e+01,2.277409e+01,5.150748e+01,1.248956e+01,-6.087838e-01,2.603607e+00,1.844444e-01,7.500000e-01,8.000000e-02,1.309208e-01,9.230769e-01,6.887019e-01,2.247596e-01,1.682692e-02,4.981949e-01,5.048193e-01,1.097591e+01,-1.433802e+00,3.837724e-01,5.143778e-01,-6.609921e-01,2.643870e-01,7.185078e+01,4.483173e-01,8.425481e-01,6.203811e+00,1.144294e+01,1.698675e+01,5.239125e+00,5.543810e+00,1.078294e+01,-1.247121e+01,4.081012e+01,5.328133e+01,1.035236e+01,3.614546e-01,4.235816e+00,4.768750e-01,1.170000e+00,1.700000e-01,3.115630e-01,9.591346e-01,4.591346e-01,6.370192e-02,9.615385e-03,5.030084e-01,5.144578e-01,1.058377e+01,-1.537200e+00,5.303241e-01,4.893111e-01,-6.390387e-01,1.904367e-01,5.595114e+01,3.305289e-01,7.259616e-01,-3.748642e+00,4.801785e+00,1.068286e+01,8.550426e+00,5.881078e+00,1.443150e+01,-2.146191e+01,2.230339e+01,4.376529e+01,1.028743e+01,-4.116785e-01,2.608570e+00,2.191892e-01,6.800000e-01,8.000000e-02,1.652905e-01,9.314904e-01,6.346154e-01,1.201923e-01,7.211538e-03,4.921781e-01,4.951807e-01,8.976376e+00,-1.441410e+00,4.424239e-01,4.730762e-01,-6.977834e-01,2.995560e-01,4.756522e+01,8.846154e-01,6.706731e-01,-9.481085e-02,5.004486e+00,9.426214e+00,5.099297e+00,4.421728e+00,9.521025e+00,-1.601408e+01,2.009436e+01,3.610844e+01,7.448527e+00,-4.839839e-01,3.504509e+00,2.393750e-01,6.100000e-01,8.000000e-02,1.606809e-01,9.735577e-01,7.512019e-01,1.382212e-01,1.802885e-02,5.114320e-01,4.903615e-01,8.362782e+00,-1.385613e+00,3.824239e-01,5.044297e-01,-5.936497e-01,1.902065e-01,3.957727e+01,7.752404e-01,7.451923e-01,-8.880782e+00,-2.392904e+00,3.946005e+00,6.487878e+00,6.338909e+00,1.282679e+01,-2.263897e+01,1.201735e+01,3.465632e+01,8.408334e+00,-3.726850e-01,2.461672e+00,1.695918e-01,8.000000e-01,8.000000e-02,1.184416e-01,9.134616e-01,6.262019e-01,2.259615e-01,2.644231e-02,4.933815e-01,4.867470e-01,6.067617e+00,-1.405378e+00,3.690040e-01,4.751090e-01,-5.204208e-01,1.421156e-01,4.375113e-01,2.980769e-01,3.040865e-01,-8.804370e-03,-1.457815e-03,5.314987e-03,7.346555e-03,6.772801e-03,1.411936e-02,-1.076145e-01,1.720850e-01,2.796995e-01,3.570214e-02,2.976701e+00,2.585118e+01,9.971429e-01,2.070000e+00,9.999999e-02,8.218744e-01,9.687500e-01,3.245192e-02,1.081731e-02,6.009615e-03,5.607702e-01,5.036145e-01,7.084993e-06,-3.343326e+00,5.179574e+00,-4.578887e+00,2.307751e+00,-5.234115e-01,2.713867e+00,8.197116e-01,8.245192e-01,-2.237022e-02,-1.072167e-03,1.028425e-02,2.129805e-02,1.135642e-02,3.265447e-02,-5.530235e-01,7.646954e-01,1.317719e+00,1.800153e-01,2.956458e+00,3.976495e+01,1.392000e+00,2.510000e+00,9.999999e-02,1.060441e+00,9.795673e-01,1.802885e-02,7.211538e-03,3.605769e-03,5.716005e-01,4.783133e-01,2.233279e-04,-3.288690e+00,5.094131e+00,-4.545477e+00,2.336096e+00,-5.453699e-01,5.330156e+00,2.980769e-01,3.040865e-01,-3.374274e-02,-1.280274e-03,2.382543e-02,3.246247e-02,2.510571e-02,5.756817e-02,-1.098781e+00,1.179712e+00,2.278492e+00,3.310580e-01,2.608501e+00,4.115653e+01,1.740000e+00,4.250000e+00,9.000000e-02,1.751599e+00,9.867789e-01,2.163462e-02,7.211538e-03,3.605769e-03,5.631769e-01,4.831325e-01,9.410975e-04,-3.168808e+00,4.734796e+00,-4.075494e+00,2.018403e+00,-4.455096e-01,6.757267e+00,8.197116e-01,3.028846e-01,-4.663037e-02,-8.584202e-04,2.467794e-02,4.577195e-02,2.553636e-02,7.130831e-02,-1.501492e+00,1.364671e+00,2.866163e+00,4.351399e-01,2.116916e+00,3.784119e+01,1.740000e+00,4.260000e+00,8.000000e-02,1.757541e+00,9.879808e-01,3.485577e-02,7.211538e-03,4.807692e-03,6.004813e-01,4.903615e-01,1.604579e-03,-3.181153e+00,4.796901e+00,-4.169965e+00,2.087796e+00,-4.660864e-01,5.625865e+00,2.980769e-01,3.028846e-01,-5.181741e-02,-3.335245e-04,3.392024e-02,5.148388e-02,3.425377e-02,8.573765e-02,-1.308629e+00,1.620456e+00,2.929085e+00,4.147938e-01,1.685934e+00,2.324462e+01,1.394000e+00,4.260000e+00,8.000000e-02,1.537967e+00,9.831731e-01,5.528846e-02,8.413462e-03,4.807692e-03,5.764139e-01,5.120482e-01,1.069666e-03,-3.288674e+00,5.048313e+00,-4.423100e+00,2.205245e+00,-4.866807e-01,3.868391e+00,2.980769e-01,8.317308e-01,-6.465976e-02,4.228363e-03,4.822615e-02,6.888812e-02,4.399779e-02,1.128859e-01,-1.261666e+00,1.458914e+00,2.720580e+00,3.590914e-01,9.002332e-01,1.341953e+01,7.230000e-01,2.090000e+00,8.000000e-02,8.145188e-01,9.663461e-01,6.490385e-02,1.682692e-02,3.605769e-03,5.932611e-01,5.036145e-01,7.827820e-04,-3.350412e+00,5.256565e+00,-4.724937e+00,2.423573e+00,-5.590689e-01,3.261037e+00,5.685096e-01,8.317308e-01,-6.905350e-02,5.269877e-03,5.385933e-02,7.432338e-02,4.858945e-02,1.229128e-01,-1.032315e+00,1.150494e+00,2.182809e+00,2.992338e-01,2.403985e-01,1.289815e+01,8.033333e-01,2.250000e+00,9.000000e-02,8.478338e-01,9.783654e-01,2.512019e-01,2.163462e-02,4.807692e-03,5.860409e-01,5.024096e-01,6.573608e-04,-3.230572e+00,4.826199e+00,-4.052277e+00,1.900985e+00,-3.906663e-01,3.482186e+00,5.685096e-01,8.317308e-01,-7.904810e-02,1.941495e-03,6.074316e-02,8.098959e-02,5.880167e-02,1.397913e-01,-1.146776e+00,1.333734e+00,2.480511e+00,3.421483e-01,3.730175e-01,1.182968e+01,8.033333e-01,2.180000e+00,9.999999e-02,8.402248e-01,9.807692e-01,2.596154e-01,2.163462e-02,7.211538e-03,5.860409e-01,4.927711e-01,1.009875e-03,-3.156003e+00,4.595596e+00,-3.757852e+00,1.702584e+00,-3.313644e-01,4.951063e+00,8.209134e-01,5.745192e-01,-7.762876e-02,3.628364e-03,6.008577e-02,8.125713e-02,5.645740e-02,1.377145e-01,-1.243096e+00,1.719163e+00,2.962259e+00,3.970001e-01,1.117804e+00,1.636312e+01,8.837500e-01,2.080000e+00,8.000000e-02,8.548675e-01,9.771634e-01,7.211538e-02,1.201923e-02,2.403846e-03,5.655836e-01,4.903615e-01,1.496556e-03,-3.117640e+00,4.499069e+00,-3.657111e+00,1.644039e+00,-3.132346e-01,5.901494e+00,8.209134e-01,5.745192e-01,-6.716415e-02,6.951036e-03,6.617819e-02,7.411519e-02,5.922715e-02,1.333423e-01,-1.444431e+00,1.568616e+00,3.013046e+00,4.283856e-01,1.636420e+00,2.278843e+01,7.844444e-01,1.650000e+00,8.000000e-02,5.255920e-01,9.591346e-01,2.403846e-02,4.807692e-03,2.403846e-03,5.752106e-01,5.060241e-01,1.765577e-03,-3.131807e+00,4.572902e+00,-3.801963e+00,1.778351e+00,-3.625773e-01,6.799276e+00,8.209134e-01,5.745192e-01,-7.895022e-02,2.021550e-03,7.628974e-02,8.097177e-02,7.426818e-02,1.552400e-01,-1.295962e+00,2.026803e+00,3.322765e+00,4.714992e-01,1.216857e+00,2.187868e+01,1.712500e+00,3.900000e+00,9.000000e-02,1.432173e+00,9.903846e-01,7.692308e-02,1.081731e-02,2.403846e-03,5.740072e-01,5.000000e-01,1.657576e-03,-3.219361e+00,4.785778e+00,-4.009949e+00,1.885443e+00,-3.913675e-01,7.501040e+00,5.685096e-01,5.733173e-01,-8.587404e-02,1.362753e-03,6.371042e-02,8.723680e-02,6.234767e-02,1.495845e-01,-1.457285e+00,1.735430e+00,3.192715e+00,4.746982e-01,8.345168e-01,2.605469e+01,1.770000e+00,3.880000e+00,9.999999e-02,1.437237e+00,9.915866e-01,1.213942e-01,7.211538e-03,2.403846e-03,5.655836e-01,4.915663e-01,1.227950e-03,-3.316689e+00,5.033674e+00,-4.270610e+00,2.017690e+00,-4.166415e-01,3.759442e+00,9.975962e-02,1.189904e-01,-1.065041e-01,1.644990e-03,6.512808e-02,1.081491e-01,6.348309e-02,1.716322e-01,-1.165624e+00,1.397712e+00,2.563336e+00,3.734266e-01,8.195238e-01,1.063280e+01,4.818750e-01,1.590000e+00,8.000000e-02,4.617929e-01,9.447116e-01,8.052885e-02,1.322115e-02,3.605769e-03,5.812274e-01,5.012048e-01,8.994847e-04,-3.250237e+00,4.849432e+00,-4.065129e+00,1.915119e+00,-4.011655e-01,5.223379e+00,9.975962e-02,8.689904e-01,-9.370820e-02,4.132605e-03,7.522915e-02,9.784081e-02,7.109655e-02,1.689374e-01,-1.346758e+00,1.596988e+00,2.943746e+00,4.492243e-01,9.601451e-01,1.280290e+01,6.600000e-01,1.580000e+00,8.000000e-02,5.579019e-01,9.591346e-01,8.052885e-02,7.211538e-03,3.605769e-03,5.908544e-01,4.951807e-01,1.324792e-03,-3.242931e+00,4.839495e+00,-4.063291e+00,1.922880e+00,-4.060538e-01,7.318543e+00,8.209134e-01,8.257211e-01,-9.412706e-02,6.903526e-03,7.478856e-02,1.010306e-01,6.788503e-02,1.689156e-01,-1.560761e+00,2.379006e+00,3.939767e+00,5.558974e-01,1.980548e+00,2.328228e+01,1.038571e+00,3.440000e+00,8.000000e-02,1.100927e+00,9.783654e-01,3.245192e-02,9.615385e-03,3.605769e-03,5.860409e-01,5.096385e-01,1.909500e-03,-3.329538e+00,5.186883e+00,-4.629577e+00,2.368110e+00,-5.505960e-01,9.793241e+00,8.209134e-01,8.257211e-01,-1.033307e-01,2.172817e-03,6.812035e-02,1.055036e-01,6.594753e-02,1.714511e-01,-1.864356e+00,2.643245e+00,4.507601e+00,6.311699e-01,2.127621e+00,3.170814e+01,1.392000e+00,4.290000e+00,1.100000e-01,1.536898e+00,9.855769e-01,3.004808e-02,8.413462e-03,2.403846e-03,5.824308e-01,4.951807e-01,2.554484e-03,-3.311890e+00,5.134496e+00,-4.563124e+00,2.322630e+00,-5.343519e-01,1.017440e+01,8.209134e-01,8.257211e-01,-9.321507e-02,-1.380545e-03,6.148359e-02,9.183452e-02,6.286414e-02,1.546987e-01,-2.024638e+00,2.305821e+00,4.330459e+00,6.395919e-01,2.491496e+00,3.483426e+01,1.740000e+00,5.820000e+00,1.100000e-01,2.373952e+00,9.867789e-01,2.644231e-02,7.211538e-03,2.403846e-03,5.607702e-01,5.168675e-01,2.662458e-03,-3.301390e+00,5.088239e+00,-4.499126e+00,2.280532e+00,-5.234826e-01,8.438340e+00,9.975962e-02,1.069712e-01,-9.306277e-02,1.118667e-03,6.394281e-02,9.418144e-02,6.282414e-02,1.570056e-01,-1.499382e+00,1.575407e+00,3.074790e+00,5.453398e-01,4.373250e+00,4.955433e+01,1.775000e-01,8.600000e-01,8.000000e-02,1.515844e-01,7.127404e-01,9.615385e-03,3.605769e-03,1.201923e-03,5.547533e-01,5.012048e-01,2.018827e-03,-3.236272e+00,4.808202e+00,-4.042726e+00,1.924373e+00,-4.127246e-01,1.144971e+01,1.009615e-01,1.069712e-01,-1.046709e-01,2.901518e-03,6.874531e-02,1.075724e-01,6.584379e-02,1.734162e-01,-2.003760e+00,1.549562e+00,3.553322e+00,6.647208e-01,4.494192e+00,6.363328e+01,1.021429e+00,3.720000e+00,1.100000e-01,1.231021e+00,9.615384e-01,6.009615e-03,4.807692e-03,2.403846e-03,5.776173e-01,5.084338e-01,1.640072e-03,-3.475686e+00,5.524114e+00,-4.967882e+00,2.536212e+00,-5.911562e-01,2.268013e+01,9.975962e-02,1.069712e-01,-8.865438e-02,3.695136e-03,5.616886e-02,9.234951e-02,5.247372e-02,1.448232e-01,-2.754570e+00,1.825217e+00,4.579787e+00,1.114155e+00,5.225781e+00,8.707283e+01,3.500000e-01,8.600000e-01,8.000000e-02,3.608324e-01,9.891827e-01,6.009615e-03,4.807692e-03,2.403846e-03,5.691937e-01,4.951807e-01,6.519589e-03,-3.251335e+00,4.738880e+00,-3.788597e+00,1.655212e+00,-3.107435e-01,2.270254e+01,9.975962e-02,1.069712e-01,-8.100483e-02,2.430396e-03,5.790723e-02,8.343522e-02,5.547684e-02,1.389121e-01,-2.256239e+00,1.913500e+00,4.169740e+00,1.112462e+00,5.094731e+00,8.649757e+01,4.850000e-01,8.600000e-01,1.100000e-01,3.750000e-01,9.927884e-01,6.009615e-03,4.807692e-03,2.403846e-03,5.667870e-01,5.060241e-01,6.252544e-03,-3.318309e+00,4.995474e+00,-4.188322e+00,1.953285e+00,-4.005818e-01,1.952000e+01,1.009615e-01,1.069712e-01,-7.464322e-02,5.027791e-03,4.750695e-02,7.967101e-02,4.247916e-02,1.221502e-01,-2.841146e+00,1.795469e+00,4.636614e+00,9.954026e-01,4.814255e+00,7.542239e+01,2.383333e+00,6.110000e+00,1.700000e-01,2.650601e+00,9.807692e-01,7.211538e-03,3.605769e-03,2.403846e-03,5.643803e-01,5.096385e-01,3.249731e-03,-3.508298e+00,5.567033e+00,-4.928632e+00,2.428044e+00,-5.286977e-01,1.739217e+01,1.009615e-01,1.069712e-01,-6.175217e-02,2.097267e-03,3.844543e-02,6.384944e-02,3.634816e-02,1.001976e-01,-2.618299e+00,1.265540e+00,3.883839e+00,8.845266e-01,5.278043e+00,8.220240e+01,2.383333e+00,6.100000e+00,1.800000e-01,2.643134e+00,9.795673e-01,6.009615e-03,3.605769e-03,2.403846e-03,5.535499e-01,5.012048e-01,2.243085e-03,-3.545568e+00,5.663258e+00,-5.037243e+00,2.490842e+00,-5.452764e-01,1.802799e+01,1.009615e-01,1.069712e-01,-6.240758e-02,2.751401e-03,3.966044e-02,6.515898e-02,3.690904e-02,1.020680e-01,-2.029854e+00,1.314469e+00,3.344323e+00,8.593689e-01,5.121833e+00,8.840116e+01,5.000000e-01,8.700000e-01,1.300000e-01,3.700000e-01,9.903846e-01,7.211538e-03,3.605769e-03,2.403846e-03,5.631769e-01,5.156627e-01,2.080123e-03,-3.564972e+00,5.737209e+00,-5.137791e+00,2.552680e+00,-5.591372e-01,1.338864e+01,1.009615e-01,1.069712e-01,-5.025439e-02,2.601587e-03,3.024583e-02,5.285598e-02,2.764425e-02,8.050023e-02,-1.241639e+00,1.070388e+00,2.312027e+00,6.377888e-01,5.106940e+00,8.817425e+01,4.950000e-01,8.700000e-01,1.200000e-01,3.750000e-01,9.915866e-01,7.211538e-03,3.605769e-03,2.403846e-03,5.655836e-01,5.108434e-01,1.184070e-03,-3.582117e+00,5.873727e+00,-5.445823e+00,2.853305e+00,-6.751432e-01,1.075129e+01,1.009615e-01,1.081731e-01,-3.172464e-02,1.269314e-03,1.941745e-02,3.299395e-02,1.814813e-02,5.114209e-02,-1.166832e+00,1.136487e+00,2.303319e+00,5.343019e-01,4.384122e+00,7.857800e+01,4.950000e-01,8.700000e-01,1.200000e-01,3.750000e-01,9.927884e-01,6.009615e-03,3.605769e-03,2.403846e-03,5.571600e-01,4.987952e-01,8.013488e-04,-3.566142e+00,5.782587e+00,-5.275974e+00,2.710875e+00,-6.264876e-01,4.242237e-01,8.617789e-01,8.665866e-01,-2.680853e-04,-2.477246e-09,3.298806e-04,2.680829e-04,3.298830e-04,5.979659e-04,-5.096063e-02,4.142543e-02,9.238607e-02,2.280273e-02,-9.569953e-02,5.055030e+01,2.400000e+00,5.640000e+00,8.000000e-02,2.361243e+00,9.915866e-01,1.790865e-01,7.211538e-03,4.807692e-03,6.389892e-01,4.783133e-01,2.884408e-05,-1.980771e+00,1.579271e+00,-6.567299e-02,-6.813643e-01,4.089139e-01,9.455482e-02,8.629808e-01,8.677884e-01,-1.300540e-04,-3.279569e-10,2.065831e-04,1.300536e-04,2.065834e-04,3.366370e-04,-1.397450e-02,1.474912e-02,2.872362e-02,5.374642e-03,8.633331e-01,3.870881e+01,2.573333e+00,7.210000e+00,8.000000e-02,3.281731e+00,9.915866e-01,4.927885e-02,7.211538e-03,1.201923e-03,6.197352e-01,4.987952e-01,2.693179e-06,-1.706917e+00,1.089385e+00,2.194577e-01,-6.517342e-01,3.545739e-01,3.689062e+03,4.579327e-01,4.663461e-01,-4.687500e+00,0.000000e+00,3.125000e+00,4.687500e+00,3.125000e+00,7.812500e+00,-1.085625e+03,1.285453e+03,2.371078e+03,2.851183e+02,2.987500e-01,2.089628e+01,7.955555e-01,2.980000e+00,8.000000e-02,8.918159e-01,9.879808e-01,9.074519e-01,2.043269e-02,7.211538e-03,3.212996e-01,2.951807e-01,2.950121e+03,-2.128167e+00,1.788310e+00,-3.313790e-01,-5.363637e-01,3.709202e-01,4.496875e+03,4.567308e-01,4.675481e-01,-1.250000e+01,0.000000e+00,9.375000e+00,1.250000e+01,9.375000e+00,2.187500e+01,-1.354703e+03,1.655266e+03,3.009969e+03,3.644966e+02,6.006692e-01,1.901025e+01,7.977778e-01,2.980000e+00,8.000000e-02,8.886291e-01,9.843750e-01,7.271634e-01,2.043269e-02,9.615385e-03,3.826715e-01,4.012048e-01,4.409819e+03,-2.248940e+00,2.049024e+00,-5.677862e-01,-4.262271e-01,3.248449e-01,5.331250e+03,9.855770e-02,4.675481e-01,-3.125000e+01,0.000000e+00,1.875000e+01,3.125000e+01,1.875000e+01,5.000000e+01,-1.510078e+03,1.915734e+03,3.425812e+03,4.547841e+02,9.828653e-01,1.690138e+01,7.180000e-01,2.790000e+00,9.000000e-02,8.142579e-01,9.759616e-01,9.254808e-02,1.802885e-02,8.413462e-03,4.620939e-01,4.301205e-01,1.358260e+04,-1.930308e+00,1.398230e+00,7.616341e-03,-6.794832e-01,3.683165e-01,6.160938e+03,9.855770e-02,4.675481e-01,-7.500000e+01,0.000000e+00,4.531250e+01,7.500000e+01,4.531250e+01,1.203125e+02,-2.024219e+03,2.354906e+03,4.379125e+03,5.580576e+02,7.082005e-01,1.556524e+01,6.545454e-01,2.780000e+00,9.999999e-02,7.593701e-01,9.735577e-01,1.153846e-01,1.923077e-02,4.807692e-03,5.282792e-01,4.807229e-01,2.116940e+04,-1.989464e+00,1.644047e+00,-3.277151e-01,-4.674553e-01,3.175032e-01,3.699416e-01,8.629808e-01,8.677884e-01,-3.086653e-03,-7.901397e-05,2.921344e-03,3.007639e-03,3.000358e-03,6.007997e-03,-7.037742e-02,6.012626e-02,1.305037e-01,2.223760e-02,1.228667e-01,2.517743e+01,3.645000e+00,7.210000e+00,8.000000e-02,3.565000e+00,9.939904e-01,2.031250e-01,4.807692e-03,2.403846e-03,5.475331e-01,5.048193e-01,2.486486e-05,-1.992532e+00,1.465545e+00,6.994894e-02,-6.816938e-01,3.373978e-01,4.349483e+03,4.567308e-01,4.675481e-01,-3.158471e+01,-8.905674e-01,2.187013e+01,3.069415e+01,2.276070e+01,5.345485e+01,-1.189695e+03,1.662043e+03,2.851738e+03,3.519761e+02,9.542512e-01,1.801531e+01,7.855555e-01,2.780000e+00,8.000000e-02,8.271922e-01,9.855769e-01,5.853366e-01,2.283654e-02,8.413462e-03,5.282792e-01,4.951807e-01,4.016266e+03,-2.286297e+00,2.193163e+00,-8.039153e-01,-2.529766e-01,2.762168e-01,2.977674e+00,9.735577e-02,6.165866e-01,-1.340714e-01,-2.430212e-03,1.183816e-01,1.316412e-01,1.208118e-01,2.524530e-01,-8.664769e-01,1.148377e+00,2.014853e+00,3.176517e-01,7.466196e-01,7.762979e+00,5.300000e-01,1.390000e+00,1.200000e-01,3.358372e-01,9.387019e-01,1.033654e-01,1.322115e-02,2.403846e-03,4.981949e-01,5.192771e-01,6.088356e-03,-2.059190e+00,1.812520e+00,-5.047107e-01,-3.292063e-01,2.712250e-01,1.488718e+07,8.569711e-01,8.617789e-01,-1.010575e+05,-1.618214e+03,6.006438e+04,9.943930e+04,6.168260e+04,1.611219e+05,-3.577698e+06,3.941650e+06,7.519347e+06,9.517239e+05,-3.581830e-01,2.404013e+01,1.977500e+00,5.320000e+00,7.500000e-01,1.931675e+00,9.927884e-01,9.399039e-01,1.562500e-02,1.201923e-03,5.824308e-01,4.879518e-01,8.153064e+10,-1.795563e+00,1.366902e+00,-3.338712e-02,-5.801302e-01,3.636338e-01,3.234344e+01,4.218750e-01,4.278846e-01,-1.657025e+00,-1.060882e-02,1.680024e+00,1.646416e+00,1.690633e+00,3.337049e+00,-1.258860e+01,1.152240e+01,2.411100e+01,4.341551e+00,-1.288880e-01,4.917785e+00,4.020000e-01,1.500000e+00,8.000000e-02,3.894817e-01,9.711539e-01,6.935096e-01,6.129808e-02,8.413462e-03,5.764139e-01,4.951807e-01,1.438925e+00,-1.906919e+00,1.604917e+00,-2.855473e-01,-4.232358e-01,3.035434e-01,5.410475e+03,3.004808e-01,3.052885e-01,-1.082055e+02,-8.869839e-03,9.203638e+01,1.081967e+02,9.204526e+01,2.002419e+02,-1.324141e+03,1.432494e+03,2.756635e+03,4.747330e+02,-1.790563e-01,1.103682e+01,1.005000e+00,2.400000e+00,9.000000e-02,8.093361e-01,9.951923e-01,8.858173e-01,3.485577e-02,7.211538e-03,5.908544e-01,5.000000e-01,2.109305e+04,-1.783314e+00,1.372083e+00,-7.403761e-02,-5.188357e-01,3.319522e-01,6.935304e-02,8.665866e-01,8.617789e-01,-4.876555e-04,1.216468e-07,2.164425e-04,4.877771e-04,2.163208e-04,7.040979e-04,-1.153683e-02,1.298789e-02,2.452473e-02,4.317783e-03,1.080313e-01,2.650268e+01,2.426667e+00,5.650000e+00,8.000000e-02,2.356924e+00,9.939904e-01,7.800481e-01,7.211538e-03,2.403846e-03,4.067389e-01,5.048193e-01,9.061802e-07,-2.053211e+00,1.666571e+00,-1.313531e-01,-6.379549e-01,3.707912e-01,3.083067e+00,4.567308e-01,4.675481e-01,-2.480786e-02,-3.768466e-04,1.920192e-02,2.443102e-02,1.957877e-02,4.400978e-02,-8.070552e-01,1.166266e+00,1.973321e+00,2.466083e-01,9.100908e-01,1.818642e+01,8.837500e-01,2.970000e+00,8.000000e-02,9.028003e-01,9.879808e-01,6.935096e-01,2.283654e-02,8.413462e-03,5.270758e-01,5.000000e-01,1.924360e-03,-2.298194e+00,2.219047e+00,-8.271408e-01,-2.411501e-01,2.730737e-01,2.487691e-01,8.617789e-01,8.665866e-01,-3.828178e-04,-2.097900e-09,9.250515e-04,3.828157e-04,9.250536e-04,1.307869e-03,-4.053072e-02,2.957681e-02,7.010752e-02,1.475570e-02,-2.973067e-01,3.968404e+01,2.426667e+00,5.650000e+00,8.000000e-02,2.356924e+00,9.915866e-01,2.163462e-01,6.009615e-03,4.807692e-03,6.209386e-01,4.783133e-01,1.171267e-05,-1.998630e+00,1.604462e+00,-1.030048e-01,-6.275233e-01,3.720606e-01,2.802385e+01,6.165866e-01,6.033654e-01,-9.830690e-01,-1.696763e-02,9.600579e-01,9.661013e-01,9.770256e-01,1.943127e+00,-1.155396e+01,9.426357e+00,2.098031e+01,3.054824e+00,-4.348893e-01,8.535201e+00,5.958333e-01,1.470000e+00,8.000000e-02,5.282275e-01,9.771634e-01,8.317308e-01,4.447115e-02,9.615385e-03,4.897714e-01,5.048193e-01,2.210954e-01,-2.350138e+00,2.283548e+00,-8.817348e-01,-2.130720e-01,2.658089e-01,1.691751e+01,7.307692e-01,7.019231e-01,-1.229824e+00,5.528889e-02,1.255770e+00,1.285113e+00,1.200481e+00,2.485594e+00,-6.840171e+00,6.288870e+00,1.312904e+01,2.498007e+00,-1.550480e-01,4.106603e+00,3.237500e-01,1.520000e+00,8.000000e-02,3.477045e-01,9.507211e-01,5.853366e-01,5.889423e-02,7.211538e-03,5.367028e-01,5.024096e-01,3.498529e-01,-2.044796e+00,1.748698e+00,-3.586360e-01,-4.465344e-01,3.188944e-01,2.112367e+01,8.858173e-01,3.040865e-01,-1.553742e+00,-7.127830e-02,1.368379e+00,1.482463e+00,1.439658e+00,2.922121e+00,-7.610693e+00,8.786523e+00,1.639721e+01,3.108749e+00,2.158698e-01,4.114524e+00,3.352174e-01,1.520000e+00,8.000000e-02,3.923382e-01,9.230769e-01,3.413461e-01,4.326923e-02,6.009615e-03,4.981949e-01,5.132530e-01,4.169052e-01,-2.135859e+00,1.833535e+00,-4.249547e-01,-3.852592e-01,2.702718e-01,2.087597e+01,4.399039e-01,9.615385e-02,-1.410160e+00,-3.209915e-02,1.401358e+00,1.378061e+00,1.433457e+00,2.811518e+00,-8.247440e+00,7.077163e+00,1.532460e+01,2.739088e+00,-2.962736e-02,4.919240e+00,4.222222e-01,1.820000e+00,8.000000e-02,4.745589e-01,9.483173e-01,3.737981e-01,2.644231e-02,6.009615e-03,5.198556e-01,4.927711e-01,4.798158e-01,-1.941563e+00,1.517554e+00,-1.822175e-01,-5.039876e-01,3.322480e-01,2.598454e+01,6.466346e-01,3.954327e-01,-1.838355e+00,-4.407835e-03,1.745872e+00,1.833947e+00,1.750279e+00,3.584226e+00,-9.395913e+00,9.432475e+00,1.882839e+01,3.579409e+00,1.342705e-01,4.294028e+00,3.519047e-01,2.480000e+00,8.000000e-02,5.258065e-01,9.375000e-01,3.377404e-01,3.485577e-02,3.605769e-03,4.909747e-01,5.072289e-01,7.210728e-01,-1.988340e+00,1.507743e+00,-9.312528e-02,-5.950000e-01,3.411245e-01,2.104624e+01,8.713942e-01,7.403846e-01,-1.653402e+00,-1.395226e-02,1.679658e+00,1.639450e+00,1.693611e+00,3.333060e+00,-8.003819e+00,7.911020e+00,1.591484e+01,2.987485e+00,1.025467e-01,4.145193e+00,3.175000e-01,1.230000e+00,8.000000e-02,2.875217e-01,9.350961e-01,3.725961e-01,3.125000e-02,6.009615e-03,4.813478e-01,4.987952e-01,6.760709e-01,-1.835669e+00,1.224940e+00,1.651335e-01,-7.302243e-01,3.860472e-01,1.550312e+01,8.641827e-01,8.557692e-01,-1.506467e+00,5.709834e-02,1.490551e+00,1.563566e+00,1.433453e+00,2.997018e+00,-6.083933e+00,6.651397e+00,1.273533e+01,2.458421e+00,7.079437e-02,3.563808e+00,3.295652e-01,1.160000e+00,8.000000e-02,3.037086e-01,9.254808e-01,4.338942e-01,4.206731e-02,1.201923e-02,4.957882e-01,5.060241e-01,5.409397e-01,-1.776681e+00,1.294406e+00,3.986025e-02,-6.323831e-01,3.920907e-01,2.848933e+01,6.021634e-01,8.185096e-01,-2.166549e+00,-2.557695e-02,1.954922e+00,2.140973e+00,1.980499e+00,4.121472e+00,-8.385533e+00,9.700186e+00,1.808572e+01,3.575538e+00,2.512470e-01,4.288635e+00,5.271429e-01,1.540000e+00,8.000000e-02,4.397634e-01,9.675481e-01,4.098558e-01,2.764423e-02,6.009615e-03,4.897714e-01,4.879518e-01,8.564752e-01,-1.929878e+00,1.435674e+00,-4.055578e-02,-6.067516e-01,3.404231e-01,2.240239e+01,9.423077e-01,4.735577e-01,-1.722539e+00,1.583465e-02,1.816424e+00,1.738374e+00,1.800590e+00,3.538964e+00,-8.422186e+00,7.674256e+00,1.609644e+01,3.062471e+00,-2.030026e-01,4.071670e+00,3.413044e-01,1.240000e+00,8.000000e-02,2.925347e-01,9.795673e-01,7.524039e-01,8.052885e-02,1.322115e-02,4.945848e-01,4.951807e-01,7.731567e-01,-1.865828e+00,1.376460e+00,-6.045187e-02,-5.375019e-01,2.985615e-01,1.926890e+01,9.050481e-01,8.557692e-01,-1.556700e+00,-7.803392e-03,1.556298e+00,1.548897e+00,1.564101e+00,3.112998e+00,-7.401241e+00,7.118704e+00,1.451995e+01,2.659014e+00,-9.173086e-02,4.076005e+00,4.494117e-01,2.500000e+00,8.000000e-02,5.982963e-01,9.675481e-01,5.288461e-01,3.725962e-02,7.211538e-03,4.945848e-01,4.963855e-01,7.049728e-01,-1.759398e+00,1.192657e+00,8.218044e-02,-6.222134e-01,3.421520e-01,2.194795e+01,4.687500e-01,6.838942e-01,-1.497882e+00,1.136962e-01,1.651865e+00,1.611578e+00,1.538168e+00,3.149746e+00,-7.313284e+00,7.014027e+00,1.432731e+01,2.796061e+00,-1.868222e-01,4.374620e+00,4.800000e-01,1.500000e+00,8.000000e-02,4.776505e-01,9.795673e-01,6.237981e-01,4.326923e-02,3.605769e-03,4.753309e-01,5.132530e-01,6.932059e-01,-1.795857e+00,1.311357e+00,-9.613037e-04,-5.395661e-01,3.118147e-01,1.666752e+01,8.846154e-01,8.689904e-01,-1.506317e+00,-1.977341e-02,1.460281e+00,1.486544e+00,1.480055e+00,2.966599e+00,-5.872557e+00,6.097790e+00,1.197035e+01,2.383420e+00,-9.388901e-03,3.671759e+00,3.084000e-01,1.320000e+00,8.000000e-02,3.105953e-01,9.783654e-01,6.634616e-01,8.413462e-02,1.442308e-02,4.981949e-01,4.759036e-01,5.837668e-01,-1.747305e+00,1.235803e+00,1.221728e-02,-5.803595e-01,3.556381e-01,1.531311e+01,8.677884e-01,4.735577e-01,-1.381942e+00,-8.650382e-02,1.413440e+00,1.295438e+00,1.499944e+00,2.795382e+00,-5.914311e+00,5.682469e+00,1.159678e+01,2.267247e+00,6.765857e-02,3.473089e+00,4.227778e-01,1.300000e+00,8.000000e-02,3.554779e-01,9.387019e-01,4.314904e-01,4.086538e-02,4.807692e-03,4.945848e-01,4.915663e-01,5.361059e-01,-1.711922e+00,1.192163e+00,8.435890e-02,-5.712096e-01,3.266884e-01,1.319794e+01,8.677884e-01,6.129808e-01,-1.297964e+00,-9.764533e-02,1.231877e+00,1.200318e+00,1.329522e+00,2.529841e+00,-4.513315e+00,4.986705e+00,9.500020e+00,1.923227e+00,2.881829e-01,3.411212e+00,3.522727e-01,1.350000e+00,8.000000e-02,3.558208e-01,9.218750e-01,3.064904e-01,2.283654e-02,2.403846e-03,5.210590e-01,5.108434e-01,3.866551e-01,-1.702946e+00,1.136680e+00,1.297009e-01,-5.807679e-01,3.182934e-01,1.354916e+02,9.454231e-01,1.354916e+02,1.456629e+02,4.107005e+02,7.957560e-02,4.615385e-01,3.101510e-04,1.177493e-01,1.581468e-02,1.791475e-06,-3.634436e-04,1.598489e-01,1.545451e-02,5.282091e-01,1.033801e+02,1.171916e+02,1.594919e+02,1.381152e+01,4.230034e+01,5.611185e+01,7.386236e+01,3.031840e+02,2.293216e+02,5.347629e+01,2.820964e+00,1.543540e+01,1.909814e-01,3.713528e-02,7.957560e-03,7.957560e-03,4.920213e-01,4.880000e-01,7.195762e+02,-1.068420e+00,2.614661e-02,3.704623e-01,-3.406053e-01,2.751157e-02,7.790133e-01,9.959753e-01,7.790133e-01,7.819484e-01,3.131301e-01,6.695652e-01,1.065217e-01,1.339435e-04,6.606079e-01,4.641164e-02,-3.805858e-06,1.880832e-03,5.272620e-01,4.280873e-02,5.009769e-01,7.344046e-01,8.011021e-01,8.304389e-01,6.669754e-02,2.933675e-02,9.603429e-02,6.066664e-01,8.716902e-01,2.650238e-01,6.768827e-02,-9.542058e-01,2.965987e+00,9.543478e-01,7.934783e-01,5.391304e-01,9.347826e-02,4.989107e-01,4.410480e-01,2.125658e-03,-1.135826e+00,2.724159e-02,1.047664e-01,3.536119e-02,-2.929642e-02,4.796991e-02,5.866378e-01,4.796991e-02,8.260164e-02,5.121846e-01,4.531722e-01,6.827794e-01,7.834320e-05,7.634681e-02,1.718128e-02,3.451780e-06,-1.060744e-03,1.388068e-01,1.638676e-02,5.215623e-01,1.487716e-02,2.670295e-02,5.050333e-02,1.182579e-02,2.380038e-02,3.562617e-02,3.908169e-03,3.695271e-01,3.656189e-01,6.724522e-02,3.667482e+00,1.873057e+01,7.854985e-02,2.719033e-02,9.063444e-03,3.021148e-03,4.727273e-01,5.167173e-01,1.996319e-03,-1.005225e+00,2.644823e-01,2.943447e-02,-1.521671e-01,2.979043e-02,4.195214e-02,4.858517e-01,4.195214e-02,8.437070e-02,6.616580e-01,4.746835e-02,2.911392e-01,-2.936625e-05,6.588504e-02,1.223252e-02,3.280076e-06,-1.062590e-03,1.199571e-01,1.163655e-02,4.862214e-01,8.795706e-03,1.865130e-02,3.897756e-02,9.855594e-03,2.032626e-02,3.018186e-02,1.815237e-03,3.520554e-01,3.502402e-01,7.320131e-02,4.997545e+00,3.604211e+01,3.797468e-02,1.582278e-02,6.329114e-03,6.329114e-03,4.793651e-01,5.031847e-01,1.552447e-03,-1.254171e+00,4.970296e-01,1.194207e-01,-3.008113e-01,1.073853e-01,1.743974e-01,6.599983e-01,1.743974e-01,2.477616e-01,9.988165e-01,7.994269e-01,8.481376e-01,-4.676476e-06,1.742329e-01,3.104459e-02,2.665171e-06,-9.321561e-04,2.278721e-01,3.045917e-02,4.977884e-01,6.075302e-02,1.204059e-01,2.042880e-01,5.965289e-02,8.388206e-02,1.435349e-01,1.338012e-02,8.881454e-01,8.747653e-01,1.759868e-01,2.253422e+00,8.562926e+00,1.919771e-01,6.303725e-02,2.292264e-02,1.146132e-02,4.568965e-01,5.129683e-01,8.911578e-03,-1.157509e+00,2.621842e-01,1.040633e-01,-1.950873e-01,8.287665e-02,-4.835158e+01,6.248416e-01,1.442261e+01,7.337010e+01,1.265898e+02,5.871671e-01,0.000000e+00,3.172991e-04,2.771123e-01,1.843100e-01,-3.292447e-06,3.033568e-03,-9.592201e-02,1.562762e-01,4.639079e-01,-1.000000e+02,-1.000000e+02,1.305749e+01,0.000000e+00,1.130575e+02,1.130575e+02,-1.000000e+02,2.571998e+01,1.257200e+02,5.518420e+01,2.133512e-01,1.132582e+00,4.878935e-01,4.552058e-01,4.213075e-01,2.384988e-01,2.824242e-01,2.633495e-01,9.891449e+01,-1.598188e+00,5.702357e-01,3.648170e-01,-4.614465e-01,1.427419e-01,4.869225e-03,2.355195e-01,1.917158e-02,5.436648e-02,6.939284e-01,5.714286e-02,7.142857e-02,-1.058683e-04,2.776222e-01,5.974435e-03,1.269497e-06,-5.489228e-04,3.033193e-01,5.840083e-03,1.875143e-01,-3.911920e-03,-1.377080e-04,3.442460e-03,3.774212e-03,3.580167e-03,7.354380e-03,-5.058583e-02,3.118891e-01,3.624749e-01,5.414799e-02,6.967787e+00,6.206653e+01,6.171429e-01,1.428571e-02,8.571428e-03,5.714286e-03,4.842407e-01,4.856322e-01,1.381802e-03,-8.119231e-01,7.559627e-02,1.742718e-01,1.321395e-01,-1.593203e-01,1.395893e-06,3.904007e-01,2.760608e-05,6.291422e-05,1.063315e-03,2.262444e-03,3.846154e-02,-2.453835e-05,2.690510e-01,3.489327e-03,2.210182e-07,-1.220074e-04,2.761988e-01,3.478970e-03,2.690994e-01,-1.129994e-05,6.204176e-07,9.370801e-06,1.192036e-05,8.750384e-06,2.067074e-05,-1.629132e-04,1.568840e-04,3.197972e-04,6.289874e-05,5.233662e+00,6.779940e+01,7.782806e-01,4.524887e-03,2.262444e-03,2.262444e-03,4.058957e-01,5.045455e-01,1.303300e-09,-1.217539e+00,7.790759e-01,-2.866545e-01,9.253809e-02,-1.915648e-02,-2.193932e-06,2.163381e-01,3.485681e-05,1.296754e-04,2.078186e-03,4.590164e-02,5.573770e-02,4.624560e-06,4.483473e-01,3.892274e-03,1.531374e-07,-4.192922e-05,4.506983e-01,3.891147e-03,2.048903e-01,-9.230764e-06,-1.215114e-06,5.044347e-06,8.015650e-06,6.259461e-06,1.427511e-05,-2.357410e-04,1.491307e-04,3.848718e-04,1.296568e-04,1.789895e+00,5.269998e+01,9.901639e-01,1.639344e-02,6.557377e-03,6.557377e-03,5.559211e-01,4.587459e-01,3.572523e-09,-1.310196e+00,8.480180e-01,2.145956e-01,-4.946634e-01,3.100366e-01,8.168332e-08,1.242642e-01,5.394336e-05,2.072554e-04,3.473378e-03,4.482759e-02,5.517241e-02,-7.118063e-06,4.728124e-01,3.560117e-03,3.051641e-07,-9.531050e-05,4.770457e-01,3.556458e-03,1.480122e-01,-7.650910e-06,-9.056605e-07,4.190605e-06,6.745249e-06,5.096265e-06,1.184151e-05,-5.606636e-04,6.062036e-04,1.166867e-03,2.072554e-04,1.182419e+00,5.284603e+01,9.896552e-01,2.068966e-02,6.896552e-03,6.896552e-03,5.570934e-01,4.756944e-01,3.916095e-09,-1.967196e+00,2.113745e+00,-1.165518e+00,2.986935e-01,6.674416e-02,-1.552468e-05,3.729442e-01,6.535294e-05,1.398170e-04,1.505247e-03,5.279503e-02,9.006211e-02,5.081791e-06,6.342107e-01,8.521289e-03,-5.012160e-08,2.117083e-05,6.333526e-01,8.521138e-03,2.804855e-01,-3.708307e-05,-4.952088e-06,1.687227e-05,3.213099e-05,2.182436e-05,5.395534e-05,-5.821701e-04,4.425815e-04,1.024752e-03,1.389524e-04,-1.237893e+00,1.520796e+01,9.875776e-01,9.472049e-01,3.726708e-02,1.863354e-02,5.358256e-01,4.875000e-01,7.367631e-09,-1.037241e+00,5.979479e-01,-1.244926e-02,-4.794862e-02,1.077857e-01,3.728049e-03,2.332703e-01,1.949186e-02,5.377388e-02,7.677819e-01,6.622517e-03,6.843267e-02,-7.197324e-05,3.124724e-01,4.793156e-03,7.425335e-07,-4.075984e-04,3.377003e-01,4.664170e-03,2.784517e-01,-3.128868e-03,5.478291e-04,4.467784e-03,3.676697e-03,3.919955e-03,7.596652e-03,-1.349091e-01,1.598559e-01,2.947650e-01,5.364449e-02,5.401587e+00,5.519441e+01,9.337748e-01,1.103753e-02,4.415011e-03,4.415011e-03,4.690265e-01,5.055432e-01,1.778695e-04,-2.014667e+00,1.609060e+00,-2.378425e-01,-4.827081e-01,2.718526e-01,4.547648e-01,2.592857e-01,7.100000e-01,2.000000e-02,1.635527e-01,3.308255e-01,4.452413e-01,4.518256e-01,2.904348e-01,1.841211e-01,1.639911e+00,8.700606e-01,8.250844e-01,4.942590e-01,2.494017e+00,2.846110e-01,5.865965e+00,5.732173e+00,5.470493e+00,3.447597e+00,1.504615e-02,1.067345e-01,2.535742e-02,-6.261068e-03,6.695040e-02,3.510664e-02,2.432387e-02,5.586892e-01,1.676612e+00,6.483832e-01,2.791098e+00,1.270000e+00,8.940581e-01,1.948334e+01,8.744435e-01,9.023250e+00,7.346638e+00,5.381836e+00,5.392930e-02,2.074858e+01,1.639956e+01,1.472393e+01,1.298004e+01,-4.424672e-03,8.900066e-02,9.917500e-03,4.632137e-04,-8.264714e-03,9.429991e-02,9.911843e-03,4.587274e-01,1.073592e-02,3.550407e-01,1.546269e-02,2.672000e-01,1.668355e-01,3.939912e-02,7.608609e-01,2.771678e-02,1.698086e-02,2.581686e+00,4.306547e-01,2.164947e-01,1.730387e-01,2.173042e-01,1.552092e-01,2.309528e-02,1.087049e-01,4.312072e-02,-1.305766e-02,1.313432e-01,-4.067728e-02,3.862533e-02,5.764456e-01,4.620649e-02,4.507357e-01,8.438344e-02,6.820000e-01,4.063570e-01,3.528935e-01,8.664393e-01,1.918981e-01,1.456916e-01,4.153055e+00,8.809321e-02,5.080447e-01,3.770989e-01,9.172871e-01,7.883548e-01,-6.105172e-03,1.379016e-01,2.983986e-02,1.325389e-04,-7.203920e-03,1.394179e-01,2.983939e-02,4.621758e-01,1.740884e-01,7.499418e-01,2.420021e-01,5.833333e-01,4.217226e-01,1.131594e+00,8.953560e-01,5.230029e-01,3.489144e-01,3.004237e+00,7.475259e-02,2.255371e+00,1.460219e+00,1.630694e+00,1.057795e+00,2.103488e-04,1.200963e-01,1.769084e-02,-3.429144e-03,2.863795e-02,8.086620e-02,1.738081e-02,5.004538e-01,4.703290e-01,5.901837e-01,8.678202e-01,7.737500e-01,5.360956e-01,6.175393e+00,8.883966e-01,2.685346e+00,2.215017e+00,5.709505e+00,7.347699e-03,7.361964e+00,3.544955e+00,6.640449e+00,7.511808e+00,9.273909e-04,6.124710e-02,1.100327e-02,-2.113633e-03,1.844941e-02,3.706672e-02,1.088548e-02,5.088778e-01,7.761136e-01,5.538559e-01,1.537208e+00,1.056667e+00,7.347260e-01,1.045094e+01,8.375053e-01,5.885665e+00,5.109552e+00,7.583510e+00,7.083154e-02,1.304718e+01,6.272844e+00,2.693064e+01,3.253509e+01,1.623272e-04,5.893489e-02,1.130664e-02,-1.531113e-03,1.285525e-02,4.141866e-02,1.124483e-02,5.012028e-01,1.024110e+00,5.505936e-01,1.981719e+00,7.925000e-01,5.364874e-01,1.446609e+01,8.870332e-01,6.950068e+00,5.925958e+00,6.786446e+00,1.259476e-01,2.258626e+01,1.930246e+01,3.990521e+01,5.005206e+01,-4.152378e-04,6.174880e-02,1.082157e-02,-1.404034e-03,1.122420e-02,4.568637e-02,1.076960e-02,4.948240e-01,1.227298e+00,5.552902e-01,2.170110e+00,4.884615e-01,3.661288e-01,1.192814e+01,8.829443e-01,5.620601e+00,4.393303e+00,4.579653e+00,1.903822e-01,2.624197e+01,2.456996e+01,3.668491e+01,4.545658e+01,-1.963482e-03,9.513795e-02,1.752855e-02,-2.200272e-03,1.627677e-02,6.996639e-02,1.740091e-02,4.844486e-01,1.338991e+00,5.836137e-01,2.150298e+00,3.320000e-01,2.659925e-01,8.731992e+00,8.560131e-01,4.592923e+00,3.253932e+00,3.430137e+00,7.125312e-01,2.448302e+01,1.834249e+01,3.848167e+01,3.401590e+01,-2.667808e-03,1.369571e-01,2.716460e-02,-2.932860e-03,2.164560e-02,1.034046e-01,2.693781e-02,4.853402e-01,1.320872e+00,6.517079e-01,1.973895e+00,3.563158e-01,2.720803e-01,8.770416e+00,8.507622e-01,4.099631e+00,2.778759e+00,3.103730e+00,3.117363e-01,1.925457e+01,1.298017e+01,3.280557e+01,2.996233e+01,-1.507685e-03,1.262419e-01,2.023249e-02,-1.521803e-03,1.110806e-02,1.088322e-01,2.017143e-02,4.912589e-01,1.503098e+00,6.201293e-01,2.359955e+00,4.231250e-01,3.160801e-01,1.054712e+01,8.636262e-01,5.034523e+00,3.531425e+00,3.349432e+00,4.563394e-01,2.195673e+01,1.357987e+01,3.120460e+01,2.539766e+01,-1.329475e-03,1.229979e-01,2.218322e-02,-1.391688e-03,1.020761e-02,1.070767e-01,2.213215e-02,4.919263e-01,1.651181e+00,6.041819e-01,2.673210e+00,4.231250e-01,3.230150e-01,1.081357e+01,8.328484e-01,5.836308e+00,4.185127e+00,3.534627e+00,8.460916e-01,2.635730e+01,1.789099e+01,3.355396e+01,2.712349e+01,-1.757551e-03,1.296556e-01,2.619921e-02,-1.632035e-03,1.177202e-02,1.109848e-01,2.612898e-02,4.898386e-01,1.725305e+00,6.159406e-01,2.775049e+00,4.231250e-01,2.530741e-01,1.459171e+01,8.852303e-01,5.786070e+00,4.060764e+00,3.353650e+00,3.454449e-01,2.172461e+01,1.127517e+01,3.790944e+01,3.597919e+01,-1.828720e-03,1.082997e-01,1.736803e-02,-9.275910e-04,5.861010e-03,9.768783e-02,1.734534e-02,4.873131e-01,1.798052e+00,6.238816e-01,2.876097e+00,4.821429e-01,3.503970e-01,1.382172e+01,8.331726e-01,6.609426e+00,4.811374e+00,3.675881e+00,3.014247e-01,2.420461e+01,1.340958e+01,4.077534e+01,4.447581e+01,-1.561424e-03,1.096026e-01,1.829586e-02,-1.103800e-03,7.589076e-03,9.697491e-02,1.826373e-02,4.894334e-01,1.814418e+00,6.499975e-01,2.808818e+00,6.145454e-01,4.215418e-01,1.826801e+01,8.935015e-01,7.289020e+00,5.474602e+00,4.017276e+00,1.688356e-01,2.999616e+01,2.008170e+01,3.103411e+01,3.330666e+01,-1.789936e-03,9.278180e-02,1.097964e-02,-8.258271e-04,5.056171e-03,8.333418e-02,1.096166e-02,4.854470e-01,1.842296e+00,6.709059e-01,2.626766e+00,3.228571e-01,2.165484e-01,1.036656e+01,8.331464e-01,5.311860e+00,3.469564e+00,2.883283e+00,7.036377e-01,3.226617e+01,2.129028e+01,3.296115e+01,2.230079e+01,-5.507290e-03,1.636321e-01,2.247052e-02,1.138643e-04,-6.451225e-03,1.649348e-01,2.247018e-02,4.736707e-01,2.026239e+00,6.405767e-01,2.996046e+00,3.238095e-01,2.081415e-01,1.201222e+01,8.199832e-01,6.218824e+00,4.192585e+00,3.069147e+00,6.418152e-01,3.810658e+01,3.069096e+01,4.621405e+01,3.441882e+01,-6.194266e-03,1.582658e-01,2.247578e-02,3.172606e-04,-8.824356e-03,1.618953e-01,2.247313e-02,4.684224e-01,2.122970e+00,6.349161e-01,3.276410e+00,4.005882e-01,2.597104e-01,1.695870e+01,8.756093e-01,7.002043e+00,4.879072e+00,3.298229e+00,1.689230e-01,3.543312e+01,2.706872e+01,4.873557e+01,5.498158e+01,-4.247630e-03,1.228662e-01,1.649896e-02,-1.839765e-04,-2.722464e-03,1.207614e-01,1.649807e-02,4.725948e-01,2.237545e+00,6.238503e-01,3.644790e+00,5.300000e-01,3.905872e-01,2.119050e+01,8.498095e-01,8.666286e+00,6.428741e+00,3.873123e+00,1.195188e-01,3.538345e+01,2.119279e+01,5.359678e+01,7.584738e+01,-4.450131e-03,1.043995e-01,1.319944e-02,5.239498e-05,-4.884486e-03,1.049989e-01,1.319937e-02,4.650958e-01,2.330196e+00,6.192200e-01,3.937280e+00,7.066666e-01,5.376216e-01,2.308191e+01,8.749071e-01,1.121510e+01,8.884903e+00,4.812942e+00,5.552265e-01,3.614003e+01,2.482436e+01,5.943079e+01,7.531131e+01,-4.737375e-03,1.039376e-01,1.434259e-02,5.450579e-04,-9.255905e-03,1.101731e-01,1.433476e-02,4.622995e-01,2.290012e+00,6.425235e-01,3.860985e+00,9.071428e-01,6.477354e-01,2.357277e+01,8.389949e-01,9.930116e+00,7.640103e+00,4.336272e+00,1.150227e-01,2.959494e+01,2.026299e+01,4.657376e+01,4.479328e+01,-6.050292e-03,1.025683e-01,1.203069e-02,1.080019e-03,-1.500365e-02,1.149239e-01,1.199994e-02,4.480540e-01,2.357871e+00,6.270730e-01,4.363841e+00,1.036667e+00,6.677408e-01,3.251336e+01,8.792840e-01,1.158167e+01,9.223801e+00,4.911920e+00,9.106272e-02,2.468899e+01,1.969087e+01,2.805322e+01,2.680470e+01,-6.101767e-03,8.617017e-02,9.647673e-03,1.158767e-03,-1.570795e-02,9.942670e-02,9.612271e-03,4.332118e-01,2.552180e+00,5.689486e-01,5.979005e+00,1.557500e+00,8.923109e-01,5.575613e+01,8.793283e-01,2.077840e+01,1.822622e+01,8.141431e+00,2.224487e-03,2.350366e+01,2.149452e+01,3.099436e+01,3.591186e+01,-4.871391e-03,5.773334e-02,7.135169e-03,1.186260e-03,-1.470549e-02,7.130440e-02,7.098067e-03,4.156872e-01,2.452059e+00,5.624383e-01,5.760444e+00,1.246000e+00,6.435340e-01,5.492321e+01,8.815152e-01,1.892040e+01,1.646834e+01,7.716128e+00,8.483057e-03,2.294704e+01,1.979803e+01,3.647519e+01,3.330982e+01,-4.206444e-03,5.473148e-02,6.897477e-03,1.121787e-03,-1.350606e-02,6.756495e-02,6.864298e-03,4.254700e-01,2.281567e+00,5.483118e-01,5.385277e+00,1.555000e+00,8.604504e-01,4.790774e+01,8.618978e-01,2.016184e+01,1.788027e+01,8.836841e+00,6.871530e-03,2.027070e+01,1.941657e+01,4.457326e+01,3.219571e+01,-4.028304e-03,5.608313e-02,7.608746e-03,1.333188e-03,-1.508043e-02,7.133506e-02,7.561884e-03,4.315186e-01,2.018981e+00,5.369841e-01,4.864363e+00,2.073333e+00,1.112040e+00,4.384279e+01,8.599620e-01,1.981392e+01,1.779494e+01,9.813825e+00,2.869423e-03,1.823409e+01,1.931801e+01,3.169142e+01,3.124045e+01,-4.352930e-03,5.571905e-02,7.426549e-03,1.234725e-03,-1.458880e-02,6.984455e-02,7.386354e-03,4.233712e-01,1.763919e+00,5.168238e-01,4.465258e+00,2.076667e+00,1.133289e+00,4.320567e+01,8.601114e-01,1.850327e+01,1.673935e+01,1.044091e+01,1.167053e-03,1.674680e+01,1.925156e+01,2.935513e+01,3.166566e+01,-4.243637e-03,5.137527e-02,6.565262e-03,1.092429e-03,-1.329987e-02,6.387287e-02,6.533797e-03,4.158100e-01,1.382991e+00,5.387362e-01,3.298480e+00,2.073333e+00,1.112040e+00,3.110457e+01,8.468159e-01,1.421713e+01,1.283414e+01,1.026267e+01,1.453712e-03,1.282335e+01,1.383032e+01,2.291786e+01,2.250134e+01,-4.028416e-03,5.285872e-02,6.553315e-03,9.902964e-04,-1.223797e-02,6.418791e-02,6.527459e-03,4.253951e-01,1.109222e+00,5.428607e-01,2.717912e+00,1.555000e+00,8.855083e-01,2.591400e+01,8.734608e-01,1.058784e+01,9.478623e+00,9.545291e+00,2.886973e-03,1.266888e+01,1.007470e+01,1.649919e+01,1.693867e+01,-3.814503e-03,5.102243e-02,6.911086e-03,9.632408e-04,-1.179977e-02,6.204209e-02,6.886624e-03,4.288298e-01,2.643597e-02,6.692092e-03,7.750008e-02,4.175000e-01,2.670479e-01,7.444128e-01,8.853956e-01,2.366394e-01,2.102034e-01,8.951415e+00,7.444157e-02,1.626246e+00,1.876547e+00,2.372930e+00,3.158674e+00,6.138879e-03,5.996936e-03,7.291736e-03,-2.039219e-03,2.304400e-02,-1.733213e-02,7.182098e-03,6.344388e-01,6.685428e-03,1.304543e-02,1.970237e-02,5.138462e-01,3.650266e-01,1.791123e-01,8.919535e-01,5.899212e-02,5.230669e-02,8.823985e+00,4.886473e-02,5.400699e-01,8.723916e-01,5.526232e-01,8.204523e-01,7.452545e-03,2.401564e-03,8.199310e-03,1.312258e-03,-3.426070e-03,1.741405e-02,8.153908e-03,6.542274e-01,5.151167e+02,2.954722e-01,1.361791e+03,1.138333e+00,7.828668e-01,6.781250e+03,8.697395e-01,4.395089e+03,3.879973e+03,8.532221e+00,1.202405e-02,1.129209e+04,7.193217e+03,3.083875e+04,4.730021e+04,-4.054377e-03,7.686044e-02,2.604638e-02,-7.930757e-04,2.520220e-03,6.778750e-02,2.602980e-02,4.569517e-01,7.905497e+02,2.825323e-01,1.896628e+03,6.209091e-01,5.231389e-01,9.109375e+03,8.941718e-01,4.614583e+03,3.824034e+03,5.837183e+00,7.361963e-02,3.980940e+04,5.473133e+04,3.566048e+04,4.833593e+04,-5.444314e-03,9.556542e-02,2.846814e-02,-8.341918e-04,1.471136e-03,8.602210e-02,2.844979e-02,4.508712e-01,1.132398e+03,2.916282e-01,2.476289e+03,6.955556e-01,5.029592e-01,1.082812e+04,8.850574e-01,6.789062e+03,5.656664e+03,5.995296e+00,1.404853e-01,5.625373e+04,7.066709e+04,6.842145e+04,7.493091e+04,-4.769312e-03,1.084961e-01,3.226977e-02,-1.732821e-04,-3.332803e-03,1.065137e-01,3.226898e-02,4.637578e-01,1.588065e+03,3.232707e-01,3.126194e+03,4.500000e-01,3.344078e-01,1.215625e+04,8.615726e-01,6.911458e+03,5.323394e+03,4.352126e+00,3.089701e-01,7.665270e+04,8.909538e+04,4.541020e+04,4.689109e+04,-4.271495e-03,1.269370e-01,3.631952e-02,-5.908440e-04,6.266013e-04,1.201776e-01,3.631032e-02,4.731484e-01,8.065117e-02,3.427952e-01,1.300693e-01,4.200000e-01,2.963001e-01,7.422372e-01,8.415908e-01,2.991610e-01,2.185098e-01,3.709320e+00,1.880357e-01,2.836423e+00,3.378574e+00,1.592530e+00,1.270532e+00,1.221191e-02,3.985573e-02,1.253169e-02,-2.381249e-03,3.195246e-02,1.261376e-02,1.238218e-02,5.917633e-01,9.407677e+02,3.822198e-01,1.982458e+03,4.381250e-01,3.389108e-01,8.941522e+03,8.962847e-01,3.862476e+03,2.921708e+03,4.105663e+00,1.828055e-01,3.274526e+04,3.569751e+04,2.840125e+04,3.442525e+04,-4.766556e-03,1.086977e-01,3.046593e-02,-5.875899e-04,1.045647e-04,1.019755e-01,3.045683e-02,4.644366e-01,2.860018e+00,7.535873e-01,3.372159e+00,2.152778e-01,1.405443e-01,6.358679e+00,8.676298e-01,4.193957e+00,1.333939e+00,1.466409e+00,5.708189e-01,3.830962e+01,3.287146e+01,2.787972e+01,1.952470e+01,-5.003762e-03,3.832834e-01,5.928065e-02,-1.037595e-02,8.101286e-02,2.645805e-01,5.644213e-02,4.905290e-01,1.615252e+06,2.898662e-01,3.609135e+06,4.700000e-01,3.260572e-01,2.908385e+07,8.958435e-01,1.129667e+07,9.681418e+06,6.993751e+00,1.871816e-01,9.606959e+07,9.848416e+07,7.080117e+07,5.958019e+07,-3.842802e-04,5.098430e-02,9.882309e-03,1.168000e-03,-1.006700e-02,6.434646e-02,9.846340e-03,4.940554e-01,1.930885e+01,5.983539e-01,2.535893e+01,1.740425e-01,1.294644e-01,6.995689e+01,8.311476e-01,4.522607e+01,2.591722e+01,2.342245e+00,4.410773e-01,5.874888e+02,3.672524e+02,5.565106e+02,3.728043e+02,-1.983399e-03,2.376452e-01,3.812359e-02,7.931547e-03,-6.773593e-02,3.283837e-01,3.646495e-02,4.934176e-01,1.020711e+03,2.931070e-01,1.807515e+03,2.250000e-01,1.708232e-01,1.108704e+04,8.840353e-01,3.876142e+03,2.855431e+03,3.797493e+00,1.366759e-01,4.784330e+04,3.817036e+04,5.883986e+04,4.709353e+04,-2.303339e-03,9.072684e-02,1.411734e-02,1.834669e-03,-1.751275e-02,1.117158e-01,1.402859e-02,4.798228e-01,-1.095989e-02,4.604714e-02,2.055990e-02,3.385000e-01,2.465071e-01,2.477912e-02,1.755506e-01,-5.508379e-03,5.451506e-03,5.025945e-01,8.950686e-01,5.175340e-01,4.134910e-01,4.857118e-01,7.160060e-01,-1.335050e-02,9.776953e-01,1.416436e-02,5.350756e-03,-5.770827e-02,1.038909e+00,1.340949e-02,6.183220e-01,7.137989e-01,4.381179e-01,1.414646e+00,4.673333e-01,3.584795e-01,6.113082e+00,8.607237e-01,2.884845e+00,2.171046e+00,4.041538e+00,1.747954e-01,2.333392e+01,2.457609e+01,2.112060e+01,2.572375e+01,-4.309009e-03,1.116830e-01,2.946624e-02,-1.010924e-03,4.071552e-03,1.001178e-01,2.943929e-02,4.697429e-01,2.546294e-02,8.995079e-03,5.925536e-02,5.153846e-01,3.635411e-01,4.649000e-01,8.543960e-01,1.684640e-01,1.430010e-01,6.616047e+00,6.918371e-02,1.726464e+00,3.040675e+00,1.562107e+00,1.821074e+00,1.015791e-02,4.691368e-03,9.076960e-03,-1.856479e-03,2.554811e-02,-1.654712e-02,8.986091e-03,6.495361e-01,2.043300e+01,8.334262e-01,2.640587e+01,3.365000e-01,2.165912e-01,3.108096e+01,3.381178e-01,3.512041e+01,1.468742e+01,1.718809e+00,7.854710e-01,2.910764e+02,1.989970e+02,2.555037e+02,2.099864e+02,9.159720e-03,6.448820e-01,3.262663e-02,-9.711283e-03,8.966625e-02,5.337830e-01,3.014012e-02,5.210541e-01,9.211269e+00,7.876253e-01,1.561414e+01,2.262857e-01,1.579592e-01,3.621976e+01,5.992830e-01,2.247278e+01,1.326151e+01,2.439705e+00,6.827899e-01,3.165542e+02,1.934929e+02,3.147487e+02,2.075559e+02,1.020945e-02,5.327200e-01,4.291709e-02,2.282533e-04,8.317230e-03,5.353312e-01,4.291572e-02,4.863793e-01,1.123377e+01,7.188188e-01,1.680029e+01,2.112500e-01,1.305338e-01,4.896745e+01,6.074658e-01,2.461278e+01,1.337901e+01,2.190963e+00,4.578795e-01,3.483627e+02,1.801773e+02,3.275268e+02,1.681090e+02,8.253452e-04,4.667366e-01,2.401199e-02,1.831445e-03,-1.435734e-02,4.876887e-01,2.392355e-02,5.295455e-01,1.527971e+01,8.155572e-01,1.940225e+01,1.840000e-01,1.094395e-01,4.396675e+01,6.042112e-01,2.618672e+01,1.090701e+01,1.713823e+00,8.284268e-01,2.939182e+02,1.494758e+02,2.846187e+02,1.743526e+02,1.035075e-02,5.514009e-01,2.638706e-02,-1.017339e-04,1.119413e-02,5.502371e-01,2.638679e-02,5.082642e-01,3.374939e+00,7.336076e-01,1.797779e+01,1.951220e-01,1.323853e-01,5.657442e+01,6.699251e-01,1.477386e+01,1.139892e+01,4.377518e+00,7.421166e-01,3.814597e+02,2.438645e+02,3.500042e+02,1.801913e+02,-9.443955e-03,6.407719e-01,4.321032e-02,8.854283e-03,-8.284596e-02,7.420666e-01,4.114331e-02,5.016291e-01,9.562348e+00,7.218196e-01,1.761228e+01,1.985000e-01,1.208729e-01,5.387411e+01,5.974947e-01,2.121313e+01,1.165078e+01,2.218402e+00,6.974950e-01,3.319382e+02,1.683071e+02,2.891423e+02,1.546222e+02,-4.188419e-03,5.745438e-01,2.680617e-02,1.111077e-03,-1.339925e-02,5.872548e-01,2.677363e-02,5.009280e-01,8.049320e+00,7.319721e-01,1.273419e+01,1.509259e-01,9.024979e-02,3.364235e+01,5.168517e-01,1.640005e+01,8.350727e+00,2.037445e+00,7.669672e-01,2.962056e+02,1.714644e+02,2.801161e+02,1.201086e+02,-4.317912e-03,6.673526e-01,2.287430e-02,1.224507e-02,-1.058295e-01,8.074386e-01,1.892101e-02,4.972370e-01,-1.045906e+01,7.085719e-01,2.168279e+01,1.883721e-01,1.158840e-01,5.829725e+01,6.478459e-01,2.409879e+00,1.286894e+01,-2.304106e-01,8.793314e-01,3.860652e+02,2.018233e+02,3.428220e+02,1.743089e+02,-1.923573e-02,6.704941e-01,4.242657e-02,2.127915e-02,-1.956399e-01,9.139319e-01,3.048819e-02,5.409511e-01,5.591723e+00,7.187790e-01,1.382419e+01,1.498148e-01,9.626157e-02,4.430256e+01,6.169673e-01,1.547020e+01,9.878475e+00,2.766624e+00,6.789423e-01,3.337347e+02,1.686728e+02,3.487456e+02,1.940869e+02,-6.214739e-03,5.907724e-01,3.077777e-02,2.871748e-03,-3.002153e-02,6.236258e-01,3.056033e-02,5.066778e-01,1.651243e+00,7.017165e-01,1.260590e+01,1.590196e-01,1.035771e-01,4.165807e+01,6.738002e-01,1.248469e+01,1.083344e+01,7.560782e+00,7.130804e-01,3.484019e+02,2.068368e+02,2.922398e+02,1.559851e+02,-6.120514e-03,6.058887e-01,4.064465e-02,1.081984e-03,-1.509016e-02,6.182668e-01,4.061379e-02,4.978180e-01,1.208124e+01,7.605344e-01,1.591795e+01,1.559615e-01,9.153181e-02,4.928397e+01,6.859211e-01,2.272008e+01,1.063884e+01,1.880608e+00,8.199188e-01,3.117729e+02,1.809751e+02,3.382175e+02,1.949408e+02,-4.550140e-03,5.156727e-01,2.068967e-02,-6.304486e-03,4.771404e-02,4.435482e-01,1.964173e-02,4.921628e-01,3.236202e+00,7.334310e-01,1.078626e+01,1.351667e-01,8.439045e-02,3.763812e+01,6.726962e-01,1.109441e+01,7.858211e+00,3.428220e+00,7.655804e-01,3.176949e+02,1.519326e+02,2.804937e+02,1.375438e+02,-2.847736e-02,6.643811e-01,2.916308e-02,7.984358e-03,-9.466768e-02,7.557238e-01,2.748228e-02,4.788861e-01,4.271156e+00,7.275257e-01,8.592362e+00,1.171429e-01,6.631711e-02,2.546964e+01,5.354677e-01,1.185421e+01,7.583054e+00,2.775410e+00,6.894785e-01,2.876788e+02,1.526940e+02,2.922191e+02,1.556785e+02,-7.515499e-03,6.257582e-01,2.424465e-02,5.095771e-03,-4.975944e-02,6.840549e-01,2.356002e-02,4.878910e-01,-2.967660e+00,6.923918e-01,8.913746e+00,1.219403e-01,6.907062e-02,3.141898e+01,7.938643e-01,3.364666e+00,6.332327e+00,-1.133777e+00,8.344079e-01,2.254366e+02,1.033400e+02,2.415086e+02,1.296559e+02,-1.086184e-02,6.090196e-01,4.442589e-02,9.448192e-03,-8.918736e-02,7.171088e-01,4.207228e-02,5.092244e-01,2.261606e-01,3.434383e-02,5.442430e-02,2.237500e-01,2.615772e-01,4.036408e-01,5.898204e-01,9.077983e-02,9.078172e-02,-2.000000e+01,4.247549e-01,2.639214e+00,2.252283e+00,3.065363e+00,2.714728e+00,2.962185e-01,1.752245e-01,4.281666e-01,6.740000e-01,6.878110e-01,4.386612e+00,6.042516e-01,1.176010e+00,1.176241e+00,-2.000000e+01,3.367682e-01,1.104718e+01,9.966079e+00,3.544165e+01,3.937586e+01,2.604264e-01,1.126959e-03,1.924242e-03,2.472414e-01,2.461028e-01,1.107523e-02,5.194641e-01,3.543396e-03,3.543668e-03,-2.000000e+01,4.837536e-01,1.024919e-01,8.571923e-02,1.113665e-01,8.825143e-02,3.258769e-01,5.892145e-03,1.183730e-02,5.407692e-01,3.608717e-01,5.829861e-02,4.847464e-01,2.479332e-02,2.479273e-02,2.000000e+01,4.298913e-01,1.961149e-01,1.285385e-01,4.575944e-01,4.174168e-01,4.003960e-01,1.912820e-02,3.578588e-02,4.838462e-01,3.626937e-01,2.558129e-01,5.847000e-01,9.868526e-02,9.871893e-02,-2.000000e+01,3.118328e-01,7.029547e-01,6.394984e-01,2.567885e+00,2.657706e+00,2.553755e-01,6.634513e-02,1.804495e-01,8.842857e-01,4.785203e-01,1.569718e+00,5.784065e-01,6.510258e-01,6.511092e-01,-2.000000e+01,3.503705e-01,1.409918e+00,8.691453e-01,2.262424e+01,2.333953e+01,2.555172e-01,1.190344e-01,3.318562e-01,1.224000e+00,9.114582e-01,2.834264e+00,5.317412e-01,1.375200e+00,1.375297e+00,-2.000000e+01,3.455911e-01,4.732970e+00,5.386798e+00,4.267212e+01,3.600975e+01,2.431622e-01,1.584613e-01,4.361886e-01,8.187500e-01,8.596938e-01,3.713130e+00,5.495017e-01,1.391704e+00,1.391876e+00,-2.000000e+01,3.603394e-01,1.206576e+01,1.465113e+01,5.196368e+01,5.033210e+01,2.530004e-01,1.784242e-01,4.157921e-01,5.107692e-01,3.795326e-01,3.031288e+00,5.388128e-01,1.086721e+00,1.086956e+00,-2.000000e+01,3.813559e-01,9.331711e+00,1.137976e+01,3.460197e+01,3.627351e+01,3.156547e-01,1.697669e-01,3.599544e-01,2.660000e-01,2.645282e-01,2.193817e+00,5.671136e-01,6.546013e-01,6.548717e-01,-2.000000e+01,4.251863e-01,1.124249e+01,1.120210e+01,2.668218e+01,2.320696e+01,3.697161e-01,1.486530e-01,2.999529e-01,2.655556e-01,2.566554e-01,1.702490e+00,5.220703e-01,5.244691e-01,5.246234e-01,-2.000000e+01,5.514490e-01,1.038373e+01,1.168758e+01,2.021906e+01,1.807859e+01,3.635097e-01,1.821614e-01,3.429601e-01,2.761538e-01,2.864804e-01,1.780530e+00,5.113254e-01,6.272526e-01,6.275352e-01,-2.000000e+01,5.401756e-01,1.415666e+01,1.526664e+01,2.357179e+01,1.698305e+01,3.239852e-01,1.925485e-01,3.979346e-01,2.872000e-01,2.963870e-01,2.783308e+00,5.621637e-01,6.965684e-01,6.969599e-01,-2.000000e+01,4.841974e-01,1.584161e+01,1.577696e+01,2.791285e+01,2.199004e+01,3.385677e-01,1.945747e-01,4.294088e-01,3.263636e-01,2.985453e-01,3.984325e+00,6.751383e-01,7.585775e-01,7.589054e-01,-2.000000e+01,3.818929e-01,1.530778e+01,1.715444e+01,2.960218e+01,2.729163e+01,3.142345e-01,2.211172e-01,4.726343e-01,3.744444e-01,3.182349e-01,3.488973e+00,5.131389e-01,9.845151e-01,9.847912e-01,-2.000000e+01,4.530400e-01,1.396648e+01,1.659582e+01,3.635835e+01,3.790814e+01,3.445982e-01,2.232147e-01,4.758432e-01,4.217647e-01,3.802476e-01,3.919846e+00,5.225736e-01,9.922355e-01,9.925146e-01,-2.000000e+01,4.580925e-01,1.639503e+01,1.958085e+01,3.433371e+01,3.896701e+01,3.654620e-01,2.105359e-01,3.743241e-01,2.361290e-01,2.057746e-01,2.448247e+00,6.512263e-01,6.155475e-01,6.158708e-01,-2.000000e+01,3.590401e-01,1.343283e+01,1.240064e+01,2.309430e+01,1.428552e+01,3.561395e-01,2.385452e-01,4.503075e-01,2.655556e-01,2.177116e-01,3.060682e+00,5.859581e-01,8.236986e-01,8.239329e-01,-2.000000e+01,3.795899e-01,1.450667e+01,1.332588e+01,3.048796e+01,2.148813e+01,3.311000e-01,2.509542e-01,5.572369e-01,3.578947e-01,3.414869e-01,4.549686e+00,6.216655e-01,1.114725e+00,1.114966e+00,-2.000000e+01,3.578521e-01,1.387438e+01,1.331585e+01,4.556841e+01,4.547524e+01,3.174203e-01,2.670882e-01,6.326913e-01,4.742857e-01,3.923763e-01,5.271723e+00,5.383022e-01,1.440437e+00,1.440785e+00,-2.000000e+01,3.646652e-01,1.321773e+01,1.408034e+01,5.342743e+01,6.717108e+01,2.988668e-01,2.680437e-01,6.411343e-01,6.127273e-01,4.869266e-01,5.734299e+00,5.636008e-01,1.691699e+00,1.692022e+00,-2.000000e+01,3.672627e-01,1.480792e+01,1.612008e+01,6.550371e+01,6.534166e+01,3.514526e-01,2.328732e-01,5.466549e-01,4.493333e-01,4.251285e-01,6.879056e+00,8.152143e-01,1.141114e+00,1.141333e+00,-2.000000e+01,2.330438e-01,1.383464e+01,1.282546e+01,3.351385e+01,3.384012e+01,3.134458e-01,2.467570e-01,6.663151e-01,7.488889e-01,5.286577e-01,7.481562e+00,6.534283e-01,1.670091e+00,1.670521e+00,-2.000000e+01,2.731433e-01,1.439529e+01,2.283719e+01,4.854621e+01,6.241219e+01,2.355740e-01,3.253731e-01,1.116842e+00,1.590000e+00,1.676276e+00,1.401099e+01,6.177649e-01,3.889362e+00,3.889677e+00,-2.000000e+01,3.064489e-01,1.456492e+01,1.451927e+01,9.515511e+01,1.364216e+02,2.342357e-01,3.312984e-01,1.115144e+00,1.352000e+00,9.770138e-01,1.380399e+01,6.080372e-01,3.712934e+00,3.713159e+00,-2.000000e+01,3.310870e-01,6.999010e+00,4.780488e+00,8.556001e+01,1.278534e+02,2.206598e-01,2.976429e-01,9.978029e-01,1.270000e+00,9.610515e-01,1.192278e+01,6.107981e-01,3.390931e+00,3.391121e+00,-2.000000e+01,2.908155e-01,1.483965e+01,2.115948e+01,1.035929e+02,1.255068e+02,2.076804e-01,2.555395e-01,8.866603e-01,1.270000e+00,9.635248e-01,1.085955e+01,6.243929e-01,2.848142e+00,2.848345e+00,-2.000000e+01,2.812367e-01,1.179755e+01,1.647196e+01,8.200705e+01,1.150162e+02,2.223396e-01,2.298507e-01,8.614422e-01,2.116667e+00,1.398849e+00,1.093919e+01,6.067894e-01,3.653600e+00,3.653754e+00,-2.000000e+01,3.163611e-01,1.388369e+01,1.419799e+01,9.937208e+01,1.430582e+02,2.304963e-01,1.769133e-01,6.393270e-01,2.116667e+00,1.393927e+00,8.074731e+00,6.031033e-01,2.790101e+00,2.790205e+00,-2.000000e+01,3.100308e-01,9.991820e+00,9.959545e+00,7.433881e+01,1.058990e+02,1.902795e-01,1.510508e-01,5.355905e-01,1.587500e+00,1.044650e+00,6.462548e+00,6.010950e-01,2.043096e+00,2.043188e+00,-2.000000e+01,3.004431e-01,7.609847e+00,9.332187e+00,5.000474e+01,6.144879e+01,5.647561e-03,7.421419e-03,2.285774e-02,6.000000e-01,5.892125e-01,1.915362e-01,4.514980e-01,7.294486e-02,7.294486e-02,-2.000000e+01,4.520048e-01,5.671165e-01,6.354139e-01,3.574269e+00,3.738280e+00,9.468938e-03,1.946009e-03,5.387608e-03,6.418182e-01,6.870081e-01,5.195670e-02,5.494876e-01,1.418181e-02,1.418181e-02,-2.000000e+01,3.938037e-01,2.435088e-01,3.455679e-01,6.388618e-01,6.424096e-01,3.693572e-01,1.699801e+02,2.858062e+02,6.860000e-01,5.235341e-01,1.550000e+03,4.201609e-01,8.330966e+02,8.330966e+02,2.000000e+01,4.637865e-01,3.754099e+03,2.747666e+03,2.151259e+04,1.851483e+04,2.553093e-01,1.842974e+02,3.653760e+02,5.042857e-01,4.757400e-01,2.606250e+03,5.795692e-01,7.963542e+02,7.963542e+02,2.000000e+01,4.628214e-01,1.099661e+04,1.406234e+04,2.463301e+04,2.086395e+04,2.519116e-01,2.106046e+02,4.558813e+02,5.430769e-01,3.436508e-01,2.575000e+03,4.830012e-01,1.252902e+03,1.252902e+03,2.000000e+01,4.173505e-01,1.482555e+04,2.145686e+04,4.147088e+04,3.505645e+04,2.573143e-01,2.524240e+02,5.594038e+02,4.127778e-01,2.727144e-01,3.273438e+03,5.313213e-01,1.309704e+03,1.309676e+03,2.000000e+01,4.869389e-01,1.451725e+04,1.735027e+04,4.924045e+04,3.610983e+04,2.156696e-01,1.151732e-02,2.229125e-02,3.108695e-01,2.791616e-01,1.903002e-01,5.144062e-01,4.190866e-02,4.190817e-02,2.000000e+01,4.562671e-01,1.040507e+00,1.099979e+00,1.457017e+00,1.826381e+00,1.945164e-01,1.462348e+02,3.528249e+02,4.643750e-01,3.796817e-01,2.154612e+03,4.953720e-01,7.934958e+02,7.934578e+02,2.000000e+01,4.652751e-01,9.339326e+03,1.380545e+04,2.292758e+04,1.784749e+04,5.225315e-01,2.101535e-01,3.183513e-01,1.729787e-01,1.124480e-01,1.806364e+00,6.066359e-01,4.657176e-01,4.652004e-01,1.999981e+01,3.614705e-01,1.609697e+01,1.276501e+01,1.502292e+01,1.294382e+01,2.010898e-01,3.901215e+05,9.540015e+05,4.846667e-01,4.153510e-01,6.720738e+06,4.514446e-01,2.512258e+06,2.511832e+06,2.000000e+01,4.980779e-01,2.762523e+07,3.016356e+07,1.320962e+08,9.537799e+07,4.340252e-01,2.930421e+00,4.347448e+00,1.421053e-01,1.303720e-01,1.781872e+01,5.509222e-01,6.323907e+00,6.341807e+00,-1.998217e+01,5.471916e-01,2.277909e+02,1.432483e+02,3.338300e+02,2.000014e+02,2.162593e-01,2.675580e+02,4.756769e+02,2.131579e-01,1.750793e-01,1.905880e+03,3.522575e-01,8.443831e+02,8.457903e+02,-1.999821e+01,5.363740e-01,1.855048e+04,1.340328e+04,4.608479e+04,2.928044e+04,4.396478e-02,1.856661e-03,4.328200e-03,2.505555e-01,1.824127e-01,3.351118e-02,4.831969e-01,9.510539e-03,9.510536e-03,2.000000e+01,5.132500e-01,3.547050e-01,4.130678e-01,2.248031e-01,2.097586e-01,2.172348e-01,1.040832e-01,2.472030e-01,4.643750e-01,3.800601e-01,1.514683e+00,4.912911e-01,5.527340e-01,5.527055e-01,2.000000e+01,4.634545e-01,6.646265e+00,1.002561e+01,1.595878e+01,1.252438e+01,8.429270e-03,5.978341e-03,1.479130e-02,3.633333e-01,3.270491e-01,1.261117e-01,5.069428e-01,3.437395e-02,3.437395e-02,-2.000000e+01,4.484189e-01,6.502992e-01,7.941326e-01,1.600081e+00,2.257413e+00,4.684903e-01,1.882915e+00,3.062021e+00,2.406897e-01,1.717750e-01,1.095410e+01,3.908849e-01,5.036211e+00,5.039161e+00,-2.000000e+01,7.463848e-01,1.345972e+02,1.049115e+02,9.974654e+01,5.416799e+01,5.570006e-01,1.765837e+00,2.503949e+00,1.387931e-01,8.660133e-02,8.159733e+00,4.823247e-01,3.238178e+00,3.237037e+00,2.000000e+01,5.735932e-01,1.177572e+02,7.638990e+01,1.407036e+02,1.020921e+02,5.246587e-01,2.304322e+00,3.115917e+00,1.352632e-01,7.962922e-02,1.194284e+01,5.653769e-01,3.901858e+00,3.899109e+00,1.999999e+01,4.713907e-01,1.394775e+02,7.378266e+01,1.316695e+02,8.553024e+01,6.093835e-01,1.989782e+00,2.743970e+00,1.235937e-01,7.496662e-02,1.161760e+01,5.565058e-01,3.368962e+00,3.368238e+00,2.000000e+01,4.986494e-01,1.241300e+02,6.258528e+01,1.260026e+02,7.132164e+01,5.726188e-01,2.634213e+00,3.586780e+00,1.355932e-01,8.051720e-02,1.566828e+01,6.029845e-01,4.342059e+00,4.345608e+00,-1.999997e+01,5.330119e-01,1.550760e+02,9.084476e+01,1.516945e+02,9.386327e+01,6.232033e-01,2.238179e+00,2.993286e+00,1.207463e-01,7.052314e-02,1.243550e+01,5.908657e-01,3.648197e+00,3.647195e+00,2.000000e+01,5.282620e-01,1.409919e+02,6.815777e+01,1.328813e+02,7.786442e+01,6.414118e-01,1.856065e+00,2.462759e+00,9.272727e-02,5.085731e-02,1.099981e+01,7.095219e-01,2.809717e+00,2.806359e+00,1.999970e+01,5.735332e-01,1.293181e+02,7.462290e+01,1.288610e+02,5.998740e+01,6.136684e-01,2.731667e+00,3.582201e+00,1.200000e-01,6.794245e-02,1.666203e+01,5.848516e-01,4.370154e+00,4.366332e+00,1.999996e+01,5.056225e-01,1.594383e+02,7.343764e+01,1.560501e+02,8.243154e+01,6.139026e-01,2.285425e+00,3.069424e+00,1.102703e-01,6.525502e-02,9.392057e+00,4.192436e-01,3.631066e+00,3.632321e+00,-2.000000e+01,5.739106e-01,1.614555e+02,7.444110e+01,1.491213e+02,7.882721e+01,6.330714e-01,2.022704e+00,2.665200e+00,1.049351e-01,6.164208e-02,9.435698e+00,4.896852e-01,3.035618e+00,3.045717e+00,-1.996781e+01,5.899722e-01,1.364559e+02,6.962491e+01,1.261323e+02,6.797054e+01,6.148965e-01,2.015679e+00,2.799281e+00,1.080000e-01,6.659930e-02,1.017899e+01,4.637788e-01,3.442506e+00,3.446147e+00,-1.999986e+01,5.955773e-01,1.667283e+02,8.413004e+01,1.400598e+02,8.315342e+01,6.131221e-01,1.860124e+00,2.384165e+00,1.053247e-01,6.106022e-02,7.626101e+00,4.575425e-01,2.810740e+00,2.817219e+00,-1.999217e+01,5.486528e-01,1.250422e+02,5.576812e+01,1.276742e+02,7.293345e+01,6.566953e-01,1.788200e+00,2.270335e+00,1.057143e-01,6.008497e-02,8.502324e+00,5.552318e-01,2.915596e+00,2.923380e+00,-1.998577e+01,5.275429e-01,1.253526e+02,6.995417e+01,1.254567e+02,6.235477e+01,6.657063e-01,1.570218e+00,1.927094e+00,9.999999e-02,5.285667e-02,8.164090e+00,6.185881e-01,2.359491e+00,2.364967e+00,-1.999194e+01,4.688147e-01,9.686477e+01,4.594563e+01,1.039031e+02,4.870995e+01,?
